1702101484111,-36.83301264406747,9.193526470584683,67.0215991303334,64
1702101484168,-37.72825623002346,9.441100848732361,68.71150919680885,63
1702101484232,-37.93160107727537,9.481888789475972,69.13755060540227,63
1702101484296,-37.79962200460088,9.443597684407088,68.87007801691153,63
1702101484351,-38.027428070989295,9.478255833496846,69.17097751253803,62
1702101484429,-37.93943978459358,9.406953907001629,68.86154122542507,62
1702101484486,-38.00311481686225,9.43184656130802,68.9350831981794,63
1702101484566,-38.00399134936167,9.423577148339067,68.97661660171309,62
1702101484624,-37.73067362816985,9.344049353320326,68.45062465776428,62
1702101484683,-37.8465584254353,9.38287376137733,68.68797219450482,62
1702101484758,-37.5175324922378,9.296100353651587,68.08816890903955,63
1702101484815,-37.48586706772382,9.289344805240034,68.12558657781075,62
1702101484892,-37.75369403691831,9.356021403805272,68.69063886560653,62
1702101484952,-37.5588233055824,9.302862050579733,68.3134219221389,63
1702101485012,-37.58638216415155,9.277562814786297,68.30327152839399,63
1702101485091,-37.50084668460397,9.231913389478358,68.14754778053695,62
1702101485149,-37.59469539594526,9.22168938050797,68.3266847888948,63
1702101485222,-37.45630675874201,9.196777812393476,68.04448628817747,62
1702101485283,-37.42149972578452,9.190343257493957,67.99820698347736,62
1702101485356,-37.18258587178638,9.142177471340693,67.69411370969047,62
1702101485418,-36.57505379751002,9.014607801975915,66.83322238315507,62
1702101485478,-36.601041955592876,9.050687849460024,67.29045517159518,62
1702101485553,-35.233537514905755,8.777557309707982,65.29992914478272,62
1702101485619,-35.17265366800585,8.802371917506832,65.99590781493721,62
1702101485687,-34.90653061564239,8.89121750297867,66.62697006174369,62
1702101485760,-34.11588745411678,8.797309763125341,65.58928022068218,63
1702101485822,-33.00650332688138,8.885313470156147,66.5807972587222,63
1702101485883,-31.529836090544375,8.83201210772605,66.0582773482452,63
1702101485946,-31.11430152108701,9.331082440617084,68.67483304688214,63
1702101486036,-29.508791248889708,9.616275126623616,68.6836766621746,64
1702101486097,-28.041716513538677,9.706490471913487,69.28789110284015,64
1702101486149,-26.41335808463906,9.867139336049938,69.80382849336539,64
1702101486213,-25.060141602721295,9.712054277135692,68.37190082996999,64
1702101486272,-22.907955131154555,10.107014032162452,69.44395423419196,64
1702101486346,-21.287282806839457,10.314250253040377,69.3211018388305,64
1702101486409,-20.26441436110991,10.698189572128122,69.39419771512739,64
1702101486467,-19.834040252429006,10.791320492394245,69.63114349214318,63
1702101486543,-19.33187984979667,10.531751265456329,69.29204382472003,63
1702101486604,-19.11116099687048,10.313589989767816,69.16214974303476,63
1702101486695,-18.653945225541463,10.312969370115725,69.10563352017883,63
1702101486748,-17.98116814953163,10.2863640943806,67.75442781207576,63
1702101486799,-17.90532580901844,10.47048393085041,68.27063670474402,63
1702101486873,-17.59150974414748,10.471961842220278,67.64414009872476,62
1702101486932,-17.30977044614912,10.681579074990806,67.59190986978399,62
1702101487009,-17.067506627161702,10.606560023407669,67.2213713793711,63
1702101487068,-16.749654429600398,10.661591515129741,67.7054052291503,63
1702101487143,-15.656602934634808,10.369269995552125,66.62486581277678,64
1702101487238,-14.420895958224289,10.109078010130206,66.0361333482251,64
1702101487295,-12.87716211019063,9.709334097936287,65.35227401971754,64
1702101487348,-11.156121058612255,9.916922628266285,66.63416219967066,64
1702101487404,-8.486077970531511,9.562823021630166,65.09031417161009,64
1702101487532,-3.393510713084952,9.562732197877551,67.09055485508169,64
1702101487592,-2.6069106049554556,9.847726560637886,68.53155970025149,64
1702101487682,-1.5106019511354387,9.756747929246222,67.89333807382665,65
1702101487744,-0.5585555924973916,9.724962920023055,68.33432759381034,65
1702101487801,-0.08684330630670707,9.43355470651137,68.33907570675396,64
1702101487876,0.09196901193327944,9.342578689396818,67.9325894105781,64
1702101487931,0.06734946999241101,9.384183172292467,68.16290782789167,64
1702101488013,-0.053240227227950576,9.434509594934957,68.29750338045226,63
1702101488069,-0.33416382893383595,9.488860083454991,68.49818484351066,63
1702101488154,-0.7398810060051898,9.596647645062715,67.7118083981204,63
1702101488225,-1.0062056899165046,9.57393431289673,67.53782218730446,63
1702101488296,-1.0860749163795127,9.650827731970876,68.51608734684616,63
1702101488349,-0.8523738966826825,9.709706679635342,68.95360177752909,63
1702101488403,-0.26623680584421544,9.451291990882298,67.09516758021825,63
1702101488464,0.6457109302532451,9.313344683408408,66.73269899370862,63
1702101488523,2.6752805352572464,9.247309370799588,65.77097191181957,63
1702101488598,3.5317348344984656,9.28580189462739,65.29471008461844,62
1702101488658,5.630622848329395,9.718172925050679,67.52068331083166,62
1702101488717,7.461503074340276,8.755287080557823,64.89343486189671,62
1702101488794,8.642754974543296,9.024794865274112,66.47592845458007,62
1702101488851,11.36834449439529,9.214695843758204,65.7124831735976,61
1702101488928,12.079208007227933,9.331075334643382,65.69391662563956,61
1702101488989,13.083539390675442,9.482278565028908,65.35183183188815,61
1702101489050,13.717158562347032,9.431045116628217,65.20038074646693,61
1702101489124,13.935159091051963,9.195879130818083,64.7806076987258,60
1702101489182,14.00944365462779,9.200727561034222,64.78984893009678,60
1702101489259,14.033528290271589,9.241252913075819,64.94043622696107,60
1702101489316,14.066242878907069,9.240847255246084,64.77247387201659,60
1702101489384,14.29296636128991,9.201301246260673,64.29543473530057,60
1702101489452,14.940959228184415,9.235751515284138,64.02395655852087,61
1702101489513,15.747756915376398,9.152571159289236,63.80372121172889,61
1702101489588,16.6346407089994,8.93971372200181,63.76945488797265,61
1702101489649,17.92155438650244,8.999919631058825,64.05205680622784,61
1702101489707,19.368465144383862,9.064324544912008,64.08317241453867,62
1702101489783,21.10945333532696,8.969274454908941,64.20626669438559,62
1702101489846,22.910637998556297,9.084232228096543,64.99746687668147,61
1702101489917,24.095803814813923,9.291605100568367,64.89647263772879,61
1702101489978,24.708090952609997,9.332009653912285,64.51296897560745,61
1702101490039,25.10515913011118,9.194191904838005,64.56809021857961,61
1702101490113,25.26036925565601,9.245463310547246,64.80932474620359,61
1702101490173,25.442234729203633,9.341967203332693,65.65119062481754,60
1702101490247,24.85948666308565,9.246409901701298,64.9250150571245,60
1702101490308,24.668495590073004,9.257487955485649,64.8710240155136,61
1702101490366,24.43484179857091,9.177434072031296,64.35853158094586,61
1702101490445,24.281513541565285,9.062174883742447,63.59156343502691,61
1702101490500,24.687889410797382,9.101744511021105,63.64390870977919,62
1702101490583,24.981508622411535,9.168798199642307,63.289930124472555,61
1702101490641,25.48131173557217,9.301492137007648,63.87540843313688,61
1702101490697,26.53756221894497,9.533291139391913,64.16353719381506,52
1702101490771,26.905056827189956,9.575729702030847,64.02422898377198,51
1702101490832,27.808323767187414,9.59166262557665,63.20790404086135,50
1702101490892,28.52560117056337,9.666257752175003,63.80348464950826,51
1702101490967,28.888409080908588,9.616412507846059,62.95116061946278,50
1702101491043,29.079920884623757,9.533897767986494,62.14045284856536,50
1702101491101,29.755886480897118,9.586784351515051,62.328008557206196,50
1702101491164,30.33100482583257,9.635222150609433,62.67617260590053,50
1702101491221,30.705327517225452,9.688485122123842,62.78505950012336,50
1702101491301,31.125141424284855,9.726554212494797,63.01022071600729,50
1702101491355,31.631720206633275,9.635831191266165,63.733386797231006,50
1702101491415,32.153179436995195,9.784073108026627,64.33602307236303,51
1702101491510,32.13590857035999,9.683727299496395,64.08414036879778,52
1702101491564,32.00150002038345,9.433906780850329,63.3939540310921,52
1702101491616,32.714224644498344,9.823346056817758,64.51278709352114,51
1702101491688,32.68335009661056,9.849616341701731,64.22983655496223,60
1702101491747,32.68026993330677,9.836521964375915,64.0223924364529,59
1702101491825,32.61154444633258,9.83653997308106,63.80846330667487,59
1702101491883,32.73551692274471,9.853359317771437,63.915344473773104,59
1702101491945,32.29579608207071,9.451588501406514,62.705020380527635,59
1702101492019,32.67377774763902,9.587485622441818,63.269129503798595,60
1702101492086,33.04149616750015,9.639906659525723,63.31410743651523,60
1702101492154,32.82014005730456,9.50829118985177,62.270817724669335,61
1702101492214,33.30079901126347,9.82865391332477,63.19163988596023,50
1702101492276,32.864389100847944,9.828925644029745,61.892882435240864,50
1702101492349,33.25769120367195,9.945418385983917,62.70994538533722,50
1702101492408,32.45403086070164,9.868132678049133,61.964503827986604,50
1702101492473,32.09119246965506,9.761689628747275,61.48418847816655,51
1702101492543,32.45328217684486,9.93667805339577,62.76818633835996,51
1702101492600,32.094552180062564,9.982774166949643,63.35168727726909,51
1702101492663,32.46698855441388,10.10552989268433,64.39525298165836,51
1702101492753,31.524595121330023,9.949737660170918,63.40338040358811,52
1702101492806,31.671433894757097,10.053365254907332,64.38126623018451,52
1702101492873,30.883337751711547,9.916787525335922,63.58887866401687,52
1702101492933,30.78459352271063,9.958922973124114,64.19355202246943,53
1702101492991,30.40457029725717,9.889962107724193,64.34078186769071,52
1702101493072,30.91132699122415,10.117441271148177,65.68308515706305,53
1702101493145,30.341256668086768,10.002511786662131,65.23367852218641,54
1702101493200,30.69486575890124,10.26505110306337,66.68144902313745,54
1702101493266,30.877007844326098,10.485652975476516,67.45534354512202,54
1702101493324,30.24126838265486,10.352997579605857,66.2676708041955,52
1702101493383,30.31762105344055,10.437445900800576,66.70243144374622,53
1702101493462,30.502125627675127,10.474016536774041,67.07763957920223,53
1702101493517,30.554493952605792,10.485872577023583,67.02981148597621,52
1702101493594,30.547350142212967,10.437370554654072,67.09623738255968,52
1702101493651,30.869408518135394,10.535969835171837,67.62153415693543,53
1702101493712,30.899776290537343,10.5086673610265,67.67976423414595,52
1702101493789,29.2284454366531,9.696066927733174,64.72683560966647,53
1702101493845,30.362776832391447,10.111379693644231,66.96757752133114,52
1702101493907,30.131097854387594,10.075838499297651,66.39625358653794,52
1702101493983,29.989873622072494,10.078665284663753,66.14468654126408,52
1702101494043,29.559720524275033,9.956276507356144,65.18863432822008,53
1702101494117,29.72361706927059,9.901830340722595,65.49624150987381,52
1702101494178,30.111264649231885,9.939283442851618,66.27985499137056,53
1702101494252,30.221897378162687,9.958582167376392,66.63378410952778,52
1702101494312,30.298637416969175,9.985074909932994,67.00975501622663,52
1702101494371,30.171241279207056,9.982492765820705,67.11404076164976,52
1702101494432,29.947906205691382,9.925558670436011,66.78435169924447,53
1702101494510,29.914707767621994,9.922178950369462,66.81533446991568,53
1702101494570,29.693343486975596,9.839689669386834,66.57256434352225,52
1702101494630,29.712121214240135,9.824608334482223,66.53059132564071,53
1702101494703,29.759124239447655,9.805050104977807,66.62614707960387,54
1702101494762,30.276100811248995,9.892831622228485,67.5862533808273,55
1702101494837,30.126059988959693,9.84250509460084,66.5271463504889,55
1702101494895,30.567604841315077,9.841301178805821,66.95194203797722,54
1702101494957,30.748451027592193,9.795637593821894,67.11935415974742,63
1702101495036,31.027381509898913,9.86088538432022,67.69536414999625,62
1702101495098,30.868493184651282,10.001788410350377,68.84945549018535,62
1702101495167,29.17698385704086,9.631442326454044,67.6649337316524,62
1702101495230,27.46138207317063,9.354720784279607,65.6547879681153,62
1702101495288,24.270197993694882,9.095092594544631,64.74748540385727,62
1702101495363,23.463694306126893,9.121968984868651,65.09720087761464,61
1702101495420,21.454488269907227,9.483417901548691,67.11633676979756,63
1702101495499,19.96471655760727,9.314784634081686,64.72518753061767,62
1702101495559,19.144263070866785,9.750824500190834,65.65196084125539,63
1702101495616,18.469833572544232,9.878010997725413,65.90518035076899,62
1702101495693,18.00644363360458,9.718371156551314,65.21870143888701,62
1702101495753,18.285632975799103,9.741201254160254,66.77520945557549,62
1702101495828,18.338256064025657,9.646292931119904,67.27466876659324,62
1702101495886,18.108266847270627,9.490916490977254,65.97386380664445,62
1702101495949,18.5186583156439,9.542538704966251,66.15944922042924,61
1702101496023,18.45825830134,9.437229080059556,65.05143668899657,61
1702101496089,18.531865356569988,9.393370314430522,64.7710121983108,60
1702101496160,18.62975901411419,9.442716252694261,65.3742696924756,61
1702101496216,18.181236624716668,9.321091377628228,65.03491154364052,61
1702101496277,17.34926263367875,9.158649738295354,64.63317914496133,61
1702101496352,16.220499337563517,9.085778469761665,64.96153425813017,61
1702101496415,14.756981708777,9.096888659558084,65.11626357905634,61
1702101496488,12.914470950064253,9.130678956277434,64.97576594690082,62
1702101496548,10.981424056561353,9.075753350335981,65.03268788686856,61
1702101496609,9.109669383033427,8.889659643946281,64.8070575708391,62
1702101496684,7.655098479200368,9.029649831176435,65.62374000162745,62
1702101496746,6.422615745965917,9.129575843810317,65.16966154656137,61
1702101496837,5.799038462888911,9.220370848079895,65.46007461749127,61
1702101496896,5.574933751351801,9.192579689417554,65.8855176966678,61
1702101496964,5.5193336328329625,9.140467063373594,65.77855930491425,61
1702101497024,5.661935913879939,9.220989044260136,64.95430661234357,61
1702101497088,5.918651681865193,9.31538027614405,64.95168151173921,60
1702101497149,6.109858814651171,9.227567718543002,64.45305196257047,61
1702101497209,6.300027564858969,9.286048716238255,64.99129246553687,61
1702101497300,6.346954488482325,9.132014984789702,64.14436846431138,60
1702101497352,6.50261341174238,9.114874482121744,64.62623086740102,61
1702101497404,6.601763861644523,8.998943294982457,64.17753956979602,60
1702101497480,6.670185932080618,9.039882403362965,64.57255135472812,60
1702101497536,6.702751981044257,9.012226897608542,64.45020257008039,60
1702101497597,6.683218445368185,8.998587164649244,64.26694972328738,60
1702101497672,6.665938244630342,8.976863628019858,64.0412360617608,59
1702101497735,6.61736784872464,8.980561056626007,64.19543371624385,60
1702101497808,6.40096005638049,8.999022306354371,64.31391268489295,59
1702101497865,5.865607424702227,8.878190480086342,63.76886287533173,60
1702101497930,5.049388685692426,8.790479789992554,63.74103104031923,59
1702101498003,4.009221428076115,8.48901373144321,63.22647477646908,60
1702101498066,2.6023399860536816,8.26470853924693,62.867211415974374,60
1702101498137,1.1247094641005275,8.084338568760545,63.86552436823133,60
1702101498198,-0.6709119393020503,7.718328412433297,63.42974467626723,59
1702101498276,-2.4827028506957665,7.829129761213522,63.78476942122709,60
1702101498347,-4.120851185380414,8.262751618242682,64.63905781810442,60
1702101498429,-5.289307192498133,8.441482231687864,63.8831981387217,60
1702101498480,-6.06423463620356,8.540047962266613,64.36960677218255,60
1702101498532,-6.223717728034266,8.532606164079583,64.29048334617747,60
1702101498587,-6.1643086039484976,8.407882585944614,64.1337844643,60
1702101498681,-5.914894695013298,8.552293252957979,63.98011232598478,60
1702101498737,-5.915411547619968,8.68784490747067,64.56846707167178,60
1702101498815,-5.908877623967227,8.651053585751423,64.10815734521925,60
1702101498872,-6.055180900335532,8.739494159307126,63.89053749025456,60
1702101498922,-6.648948193914531,8.89752211767371,63.434598026449024,60
1702101498998,-7.769073577000819,8.894939113885066,64.1541618555169,61
1702101499055,-9.11454473802911,8.693163482898681,64.07809899597125,62
1702101499130,-10.766763536100951,8.622658247822566,63.66078654065282,62
1702101499188,-12.939534816441322,9.058217995000327,65.46587461751896,63
1702101499246,-14.87857692863078,9.106173126691631,66.04297663574832,62
1702101499320,-17.091956140946163,9.425886744404032,67.67404429551209,63
1702101499397,-18.38744785949997,9.304381984855318,66.18731477607761,62
1702101499458,-20.160083471920277,9.650656656151845,67.68793722167148,62
1702101499520,-20.72826160564319,9.681581419459599,67.93549957822849,62
1702101499593,-21.536116177923567,9.438732270421333,67.07100166972207,62
1702101499653,-21.74745668170924,9.343347958403283,66.53274190636836,62
1702101499713,-22.26961913329952,9.395700788788556,66.75710987321375,61
1702101499790,-22.368282897676117,9.302750957956562,66.28968692406242,61
1702101499845,-23.182819259117153,9.326940824150906,66.96354525585517,61
1702101499911,-23.183671209525865,9.220748970250336,66.40946061181164,61
1702101499981,-23.45816778727773,9.271789336504224,66.54839619525458,61
1702101500058,-23.707095071141598,9.340994118767528,66.92766699442664,61
1702101500117,-23.796957126330692,9.420899409290953,67.33104531317632,60
1702101500178,-24.204816285464865,9.529810417908248,68.67016394965925,60
1702101500236,-23.05213194878305,9.301827864506205,66.38942255960413,60
1702101500315,-22.378896993699957,9.206295279277867,66.02773776519027,60
1702101500372,-21.716898670552485,9.09838761326306,65.66443268622795,60
1702101500448,-20.871872816435946,9.055320547385138,65.1088976684039,60
1702101500507,-19.9511476557151,8.963740387326334,64.3841330433702,60
1702101500566,-19.868484947821223,8.92631550762185,65.58135993161075,61
1702101500642,-19.25679198758307,8.669104391979012,64.47134191361837,61
1702101500704,-19.631428729843947,8.747761418497824,65.44854456049805,60
1702101500777,-20.32091114484845,8.829984103081031,65.48829403192126,60
1702101500874,-21.34291074671037,8.706974596816362,64.80214562688927,60
1702101500929,-23.278564640859837,8.836112129656025,65.79281285835117,60
1702101500980,-25.358754721506582,8.978921582866349,66.4101007179111,60
1702101501033,-26.971682251546348,8.91057263026506,65.46216815826311,60
1702101501124,-29.558461931790394,8.999850862119459,65.58123193103931,60
1702101501188,-30.611484765288406,9.1827753512295,66.19506782828981,60
1702101501248,-31.387976309480674,9.322941956759163,65.3528700307594,60
1702101501303,-32.042388304038724,9.232795624738293,65.32548472723576,59
1702101501363,-32.4689560335437,9.199572797484509,65.54167848846996,59
1702101501438,-32.35554489486999,9.193142496543343,64.74326942647465,59
1702101501495,-32.5504089755257,9.298510267866304,64.64475777605041,59
1702101501561,-32.67705309772187,9.343428721969923,64.60761016966059,59
1702101501631,-32.31996092285522,9.214585002950693,63.81248838747898,59
1702101501691,-32.524838254327655,9.236805446608948,64.01044324972366,59
1702101501767,-32.696413013389865,9.282075428385816,64.32471636549417,59
1702101501828,-32.44121966478808,9.208876792354804,63.79232354338269,59
