1702101540849,-32.370808747065965,9.166469186263994,63.659091917934134,67
1702101540926,-32.163495737717106,9.098809275171575,63.291729244035054,67
1702101540982,-32.192390763158414,9.128625283606478,63.55507763597057,68
1702101541053,-31.92045938476812,9.066391652942263,63.08148489127252,68
1702101541116,-31.92045938476812,9.066391652942263,63.08148489127252,69
1702101541181,12.478145492097338,12.594054536765652,71.04663933359481,69
1702101541255,12.403932512431515,12.76663001039105,71.61697802644139,69
1702101541308,12.124217682775518,13.090950420949307,72.11400863643665,69
1702101541384,12.094784868914667,13.063023491942149,71.59217725040743,70
1702101541442,12.27870906288878,13.210394315475002,72.23127774753277,71
1702101541521,12.717222827675263,13.208528064508434,72.64893594863736,70
1702101541577,12.788117868163178,13.099415812219906,72.21754906354752,70
1702101541636,13.40677002968402,13.29117559700216,73.80482845681603,70
1702101541712,13.522665207711492,13.204938723530255,73.29183054422951,69
1702101541775,13.908807579596859,13.038411774851314,73.16189597606639,69
1702101541849,14.074940885869506,13.022029753744787,73.41264061960686,70
1702101541908,14.24091788584579,12.861044921068768,72.64846798326948,69
1702101541983,14.445634411854236,12.831832849563986,72.48554010234481,69
1702101542042,14.597745774222181,12.804579561784754,72.66651803510992,70
1702101542117,14.659379366157847,12.776082005953938,72.46154125051193,70
1702101542176,14.623202178664592,12.751743952927821,72.24561963030592,69
1702101542238,14.901051369051004,12.951600870300425,73.01018976049819,70
1702101542317,15.044289412416145,13.20297464985981,73.34592009727118,69
1702101542375,15.308550191681949,13.416879433887068,73.85346518105669,69
1702101542448,15.646769710554667,13.541264774252053,74.33863042304722,70
1702101542507,15.78131341751412,13.598991406212509,74.31980573997508,69
1702101542585,15.74086282436862,13.294265049599021,73.40260653215536,70
1702101542658,15.751962793428449,13.115210398699002,73.22816119151543,69
1702101542711,15.770093447731107,13.015078672657424,72.74427549985377,69
1702101542783,16.044004482261943,13.113713199235598,73.00088626240328,69
1702101542838,16.02740461410026,13.031796314446995,72.54528209697168,69
1702101542912,16.225788840743487,13.066561628132574,72.7074482852808,69
1702101542972,16.196206999829556,13.046585672239322,72.613502759781,69
1702101543053,16.092551692712952,12.916581213337176,71.99230775913962,68
1702101543129,16.116679979857054,12.937414980069729,72.12749687755465,68
1702101543183,15.930918247366183,12.825846875251791,71.78430587629401,67
1702101543243,15.766563639793958,12.821582491774096,71.54748900716292,66
1702101543304,15.700813720147424,12.911053854187085,71.93292601933574,66
1702101543382,15.230003019282199,12.768381498514906,70.63804362453041,66
1702101543455,14.871401458046723,12.893188778933402,70.65356273620233,65
1702101543571,13.847920339689683,12.654153574056501,69.85473521749411,66
1702101543642,13.166569809040409,12.436630689597365,69.66138762407331,67
1702101543709,12.141078857794708,12.278875989531162,69.65896631518228,67
1702101543768,10.747513413487775,12.06152641393216,69.32832976684367,67
1702101543843,9.462205702210676,12.124923131128945,70.78790542739704,67
1702101543904,7.960914690428925,11.91039013806062,70.24193364161069,68
1702101543966,6.608082608508767,11.889783129228308,71.38349111089987,68
1702101544040,5.450587136761794,11.911362612791452,72.35481087405473,68
1702101544101,4.227127456215601,11.848777195486758,72.02661072684977,68
1702101544172,3.105510643560443,11.929361078866558,72.25618042625212,68
1702101544314,0.8114082237191969,11.949042424614204,72.19722019011114,68
1702101544367,0.23007549459075116,11.853108210545184,72.04644796582569,68
1702101544428,-1.2950455685795956,11.950296196193571,72.64314173637705,68
1702101544504,-2.181632270189901,11.910286546884212,72.38605026807859,67
1702101544560,-3.156491701024504,11.866557564312627,71.8586503141291,67
1702101544638,-3.640251388281494,11.997598506734821,72.5658583098782,67
1702101544699,-4.435047530915687,11.787237919315384,71.19626187535818,67
1702101544772,-5.779781300643731,11.978972399144459,71.74112210389535,67
1702101544882,-6.168772440649303,11.832446175479467,70.88909613204595,66
1702101544933,-7.713792933204452,12.038042043310027,71.76003768646873,67
1702101544988,-8.058003641777692,11.790343837195074,70.13868293470688,67
1702101545044,-10.083602606403039,12.133460375114701,72.21791190519454,67
1702101545102,-11.67025940880166,11.80799351912692,70.7485792061109,66
1702101545163,-12.295117082516917,11.830352251953807,71.07107896370812,66
1702101545242,-13.575158974267946,11.906445412535259,71.89487900392498,66
1702101545300,-14.581537422917412,11.717531338236522,70.62539708258045,66
1702101545357,-15.161843334878673,11.577985905325916,69.81675831679026,66
1702101545435,-17.1057906464508,12.06966706729277,72.72316297211043,66
1702101545502,-18.395473240699786,11.951810651963804,72.065363041382,66
1702101545579,-19.650565310347606,11.823091187804296,71.5011216699661,65
1702101545651,-21.32986012002353,11.916460574847669,72.0143713460848,65
1702101545711,-22.490933066970253,11.734199124333992,71.0372622421153,65
1702101545781,-23.716107005833692,11.60220724607663,70.08802347849627,65
1702101545831,-25.58632256133781,11.723610093607943,71.01877762394955,65
1702101545897,-27.55888047931493,11.471044596609294,69.82138645392281,65
1702101545974,-29.520423388685394,11.994620632815455,72.93344904293575,65
1702101546035,-29.99996348248456,11.307573066619016,69.74030134868698,64
1702101546095,-31.44041324250577,11.221284472931728,69.72061863846399,65
1702101546157,-32.127913691006235,10.874659382105625,68.36878649118962,65
1702101546228,-34.142161380014926,10.984425359296232,70.01449032212021,65
1702101546306,-35.178163664584496,10.775608608784646,69.38622925511626,66
1702101546393,-36.88817554847541,10.942906547071466,70.47097776595562,66
1702101546449,-38.236199544452866,11.127238230343469,71.0755980890332,66
1702101546500,-39.00998632047723,11.099012641523041,70.56049938710484,67
1702101546558,-40.03959359333717,11.07613059715952,70.46543723315652,67
1702101546634,-41.248065407258395,10.715832389801077,69.16265085965865,68
1702101546692,-43.586292910879,10.872865935809228,70.55050256598173,68
1702101546753,-47.0177172273704,11.440251660622414,74.2150693445357,68
1702101546831,-46.40732193924961,11.034187967609517,70.54502488976786,68
1702101546888,-50.769523996278075,11.562766024759865,74.52308131583558,69
1702101547000,-53.84184510787772,12.08708730214743,77.01468497807218,69
1702101547054,-54.85898317606925,12.085692978604163,76.43373514341876,69
1702101547111,-54.85898317606925,12.085692978604163,76.43373514341876,69
1702101547159,-54.85898317606925,12.085692978604163,76.43373514341876,69
1702101547229,-54.85898317606925,12.085692978604163,76.43373514341876,69
1702101547291,-54.85898317606925,12.085692978604163,76.43373514341876,70
1702101547343,-54.85898317606925,12.085692978604163,76.43373514341876,69
1702101547408,-54.85898317606925,12.085692978604163,76.43373514341876,69
1702101547496,-54.85898317606925,12.085692978604163,76.43373514341876,69
1702101547619,-54.85898317606925,12.085692978604163,76.43373514341876,69
1702101547657,-54.85898317606925,12.085692978604163,76.43373514341876,70
1702101547704,-54.85898317606925,12.085692978604163,76.43373514341876,70
1702101547770,-54.85898317606925,12.085692978604163,76.43373514341876,69
1702101547825,-54.85898317606925,12.085692978604163,76.43373514341876,70
1702101547892,-54.85898317606925,12.085692978604163,76.43373514341876,69
1702101547967,-54.85898317606925,12.085692978604163,76.43373514341876,69
1702101548010,-54.85898317606925,12.085692978604163,76.43373514341876,69
1702101548097,-54.85898317606925,12.085692978604163,76.43373514341876,69
1702101548187,-54.85898317606925,12.085692978604163,76.43373514341876,68
1702101548268,-54.85898317606925,12.085692978604163,76.43373514341876,68
1702101548332,-54.85898317606925,12.085692978604163,76.43373514341876,68
1702101548392,-54.85898317606925,12.085692978604163,76.43373514341876,68
1702101548448,-54.85898317606925,12.085692978604163,76.43373514341876,68
1702101548498,-54.85898317606925,12.085692978604163,76.43373514341876,67
1702101548546,-54.85898317606925,12.085692978604163,76.43373514341876,67
1702101548607,-54.85898317606925,12.085692978604163,76.43373514341876,68
1702101548680,-54.85898317606925,12.085692978604163,76.43373514341876,68
1702101548740,-54.85898317606925,12.085692978604163,76.43373514341876,68
1702101548835,-54.85898317606925,12.085692978604163,76.43373514341876,68
1702101548891,-54.85898317606925,12.085692978604163,76.43373514341876,67
1702101548952,-54.85898317606925,12.085692978604163,76.43373514341876,67
1702101549013,-54.85898317606925,12.085692978604163,76.43373514341876,67
1702101549075,-54.85898317606925,12.085692978604163,76.43373514341876,66
1702101549160,-54.85898317606925,12.085692978604163,76.43373514341876,66
1702101549215,-54.85898317606925,12.085692978604163,76.43373514341876,66
1702101549291,-54.85898317606925,12.085692978604163,76.43373514341876,66
1702101549348,-50.179631771267736,9.447159276182544,73.22140991312867,65
1702101549407,-48.575358633101054,9.864956909314117,72.52437518661705,65
1702101549487,-44.31594194242072,9.99249342945178,67.31701890009246,64
1702101549543,-44.57654848508728,10.758456261071546,69.51406036851056,64
1702101549619,-45.12510961856637,11.479961592765946,71.24309343324384,64
1702101549679,-44.470334517293004,11.736424149864636,72.01213215477914,64
1702101549737,-42.25848152937094,11.527012971101163,70.43266453977121,65
1702101549813,-39.68672336207369,11.197371983318746,68.68714100539918,64
1702101549873,-38.27630296225989,11.100949340688649,68.60462681784854,64
1702101549968,-37.06171273272761,11.186570470923234,68.91772573164401,65
1702101550020,-35.324230590337955,11.115934333859597,68.6741077627579,65
1702101550086,-33.409612059331764,11.029161783301346,68.3112808212357,65
1702101550145,-32.318396709805064,11.297644290857518,69.71105449730744,65
1702101550202,-30.420112920799916,11.604729837181306,72.20194450688702,65
1702101550277,-27.509127788525824,10.917934393306446,67.92176601226251,65
1702101550338,-26.618214823820068,11.456932291667178,70.93315476462578,65
1702101550413,-24.493028823676493,11.577089601686673,71.31226619139704,65
1702101550475,-21.609274038095247,11.470532624561391,70.27678637085602,65
1702101550533,-19.109536537859558,11.461064388227586,70.58775957679708,65
1702101550615,-16.09186454014578,10.984435008236494,67.71895748939325,65
1702101550668,-14.458208060502978,11.099212583452692,69.89250135873421,64
1702101550743,-12.117447345834277,10.70930739095175,68.53655323121758,65
1702101550806,-11.113378947211075,10.720471718500315,68.82146973319936,65
1702101550865,-7.817705443272422,10.180029513738818,67.57254914679989,64
1702101550940,-6.80965317362774,10.243937032246373,69.01763106093728,65
1702101550999,-3.4245165571617244,9.692956694380038,67.16594476152257,65
1702101551101,-2.1829129959852827,9.634314148629919,67.64944707194711,65
1702101551155,0.0625006218775296,9.557013049004352,67.65931386293256,65
1702101551209,2.899426087934629,8.989288589943035,65.89590821181112,66
1702101551268,4.306084561123024,9.296619133645194,68.38455998235882,65
1702101551335,7.309987985372614,9.086537035781653,66.45336612485708,64
1702101551407,9.522073170052392,9.119083751678223,66.09102760446522,65
1702101551463,11.534852445882729,9.118516982359912,66.00089848097367,65
1702101551538,12.890412161303578,9.252041997188444,67.20174594095812,65
1702101551599,14.994796036210568,9.315235417149093,67.25231602866828,66
1702101551675,17.44753152966206,9.488741817118342,69.02464406642403,66
1702101551736,19.160921082498618,9.478320757582408,68.73624919340241,66
1702101551794,21.365888122687966,9.68407209475451,70.18717635929052,67
1702101551872,22.629058102245462,9.629356681797544,69.28525293526249,59
1702101551928,24.27849285664041,9.695881327617204,69.59825890812424,67
1702101552003,25.83804719706334,9.757063680701759,69.48159685385679,67
1702101552064,27.469695070178282,9.885253740703583,69.80499595777898,67
1702101552121,28.89468966478478,9.954005865186547,69.83977828810626,67
1702101552200,30.46528740937001,10.037414870687089,70.28163512570717,67
1702101552259,33.13348525355144,10.457306580926101,72.65979050223044,67
1702101552333,33.78640871928099,10.30894041437992,71.10663176095655,57
1702101552394,35.43292092579833,10.546271409310934,71.90030026031025,56
1702101552452,36.15819225617189,10.390115184138219,71.24171026647755,55
1702101552545,37.73910798034572,10.663117315268103,72.24119324838158,56
1702101552604,38.45967933033963,10.577369774473249,71.5780215549475,57
1702101552666,39.107760108548334,10.641858453355582,71.01405213524627,68
1702101552723,40.480041324400304,10.716832980093054,71.79385357104003,68
1702101552785,42.1300930141072,11.03861318269298,72.92427677125819,68
1702101552858,43.16374287898921,10.919988810798401,72.77942715886896,68
1702101552919,43.68303037227003,10.846108331450608,71.78545502651012,67
1702101552996,45.51071016703706,11.099031738356011,72.94054577762965,68
1702101553060,46.874888460440744,11.185683386320784,72.92163813629996,68
1702101553158,47.889423007189,11.203673572647746,72.6808887965827,68
1702101553211,48.00725327990123,11.023407440952532,71.21526087397496,69
1702101553263,49.590316922770725,11.1453891009469,71.88564798951343,69
1702101553322,49.95452654052537,10.724425303073115,71.29067076924586,68
1702101553384,50.299959435220266,11.098897699851314,70.93024696481864,69
1702101553459,51.07760794875518,11.17887689682403,70.63481593388795,69
1702101553521,51.31781130473719,11.177567685427679,70.00690692943682,69
1702101553594,53.42541811676878,11.581092043476458,72.0234173265303,69
1702101553668,55.918023820524894,11.70361677209096,73.99559009757793,69
1702101553729,55.918023820524894,11.70361677209096,73.99559009757793,69
1702101553834,55.918023820524894,11.70361677209096,73.99559009757793,70
1702101553886,55.918023820524894,11.70361677209096,73.99559009757793,70
1702101553932,55.918023820524894,11.70361677209096,73.99559009757793,70
1702101553990,55.918023820524894,11.70361677209096,73.99559009757793,71
1702101554060,55.918023820524894,11.70361677209096,73.99559009757793,70
1702101554129,55.918023820524894,11.70361677209096,73.99559009757793,70
1702101554189,55.918023820524894,11.70361677209096,73.99559009757793,70
1702101554248,55.918023820524894,11.70361677209096,73.99559009757793,70
1702101554308,55.918023820524894,11.70361677209096,73.99559009757793,70
1702101554386,55.918023820524894,11.70361677209096,73.99559009757793,70
1702101554442,55.918023820524894,11.70361677209096,73.99559009757793,70
1702101554516,55.918023820524894,11.70361677209096,73.99559009757793,70
1702101554591,55.918023820524894,11.70361677209096,73.99559009757793,70
1702101554688,55.918023820524894,11.70361677209096,73.99559009757793,71
1702101554736,55.918023820524894,11.70361677209096,73.99559009757793,70
1702101554783,55.918023820524894,11.70361677209096,73.99559009757793,70
1702101554849,55.918023820524894,11.70361677209096,73.99559009757793,71
1702101554924,55.918023820524894,11.70361677209096,73.99559009757793,70
1702101554983,55.918023820524894,11.70361677209096,73.99559009757793,71
1702101555041,55.918023820524894,11.70361677209096,73.99559009757793,70
1702101555116,55.918023820524894,11.70361677209096,73.99559009757793,70
1702101555173,55.918023820524894,11.70361677209096,73.99559009757793,70
1702101555251,55.918023820524894,11.70361677209096,73.99559009757793,70
1702101555312,55.918023820524894,11.70361677209096,73.99559009757793,71
1702101555372,55.918023820524894,11.70361677209096,73.99559009757793,70
1702101555449,55.918023820524894,11.70361677209096,73.99559009757793,70
1702101555509,55.918023820524894,11.70361677209096,73.99559009757793,70
1702101555582,55.918023820524894,11.70361677209096,73.99559009757793,70
1702101555640,55.918023820524894,11.70361677209096,73.99559009757793,70
1702101555738,55.918023820524894,11.70361677209096,73.99559009757793,69
1702101555790,55.918023820524894,11.70361677209096,73.99559009757793,69
1702101555838,55.918023820524894,11.70361677209096,73.99559009757793,69
1702101555914,55.918023820524894,11.70361677209096,73.99559009757793,69
1702101555990,55.918023820524894,11.70361677209096,73.99559009757793,70
1702101556044,55.918023820524894,11.70361677209096,73.99559009757793,70
1702101556114,55.918023820524894,11.70361677209096,73.99559009757793,69
1702101556183,55.918023820524894,11.70361677209096,73.99559009757793,69
1702101556241,55.918023820524894,11.70361677209096,73.99559009757793,70
1702101556337,55.918023820524894,11.70361677209096,73.99559009757793,70
1702101556390,55.918023820524894,11.70361677209096,73.99559009757793,69
1702101556503,55.918023820524894,11.70361677209096,73.99559009757793,70
1702101556564,55.918023820524894,11.70361677209096,73.99559009757793,70
1702101556626,55.918023820524894,11.70361677209096,73.99559009757793,69
1702101556684,55.918023820524894,11.70361677209096,73.99559009757793,69
1702101556738,55.918023820524894,11.70361677209096,73.99559009757793,69
1702101556820,55.918023820524894,11.70361677209096,73.99559009757793,69
1702101556893,55.918023820524894,11.70361677209096,73.99559009757793,69
1702101556937,55.918023820524894,11.70361677209096,73.99559009757793,69
1702101556991,55.918023820524894,11.70361677209096,73.99559009757793,69
1702101557040,55.918023820524894,11.70361677209096,73.99559009757793,68
1702101557112,55.918023820524894,11.70361677209096,73.99559009757793,69
1702101557192,55.918023820524894,11.70361677209096,73.99559009757793,69
1702101557265,55.918023820524894,11.70361677209096,73.99559009757793,69
1702101557331,55.918023820524894,11.70361677209096,73.99559009757793,70
1702101557397,55.918023820524894,11.70361677209096,73.99559009757793,70
1702101557462,55.918023820524894,11.70361677209096,73.99559009757793,70
1702101557514,55.918023820524894,11.70361677209096,73.99559009757793,69
1702101557596,49.909007345290426,10.69693275527715,70.09732157152276,70
1702101557650,48.75154174700079,10.65823006163766,69.2800712508802,69
1702101557718,48.849245557916525,11.038922667294827,71.36455779875224,71
1702101557776,47.653748998500774,11.072931689346074,72.16499244311896,70
1702101557852,46.39384598164037,11.292096043696281,73.4734313725632,61
1702101557915,42.27940080903959,10.713216162154636,70.55803761530353,70
1702101557971,40.309285956254854,10.821210179488881,71.27528298293102,70
1702101558050,37.35387494066053,10.76872858196621,71.06795350169672,70
1702101558106,34.83044890526343,10.956064490062293,71.68014156734009,69
1702101558219,30.796210019200892,10.365829477430301,68.81584672258485,69
1702101558278,30.29275699560651,10.735986575164008,70.94437424488643,68
1702101558329,26.087742881814556,10.673340794950718,70.5916188466242,68
1702101558384,24.545437015762197,10.6481016740178,69.95416340319466,68
1702101558437,21.17764964821433,11.653936068841372,74.92008102610421,67
1702101558515,18.20316211489338,11.001620003993274,70.55434991651877,68
1702101558572,14.948602510128895,10.776272379520174,68.53858374372795,66
1702101558647,11.315563612833932,10.410838685872696,64.88965877809859,66
1702101558724,10.103635723704409,10.792798974204297,67.00692214862815,65
1702101558777,7.429008202004088,11.441163229047552,69.58937014318794,65
1702101558842,4.233416858005922,11.131085637235534,67.89200303548839,64
1702101558904,1.3875780610869484,10.884271870422822,64.75982486638053,63
1702101558980,-2.237420678785589,11.588595268480297,69.08987041651677,63
1702101559039,-3.513796789735274,11.511389182597421,68.62364069654892,62
1702101559118,-5.523891751810778,11.228769872264982,67.25768092016881,62
1702101559176,-7.355693157040629,11.325284969356806,67.1443434592459,61
1702101559233,-9.013027457462446,11.280597676791114,67.03189407743963,62
1702101559314,-10.394830094091786,11.30445935448843,66.63339331487897,61
1702101559375,-11.147938947070886,11.186568766282535,66.08385616714185,60
1702101559451,-11.573654087193384,11.148336467338504,65.25032423417333,60
1702101559503,-11.914584619588705,11.20244529312662,65.88085448153981,60
1702101559564,-11.831806824566875,11.144469368940506,65.2649289677363,60
1702101559645,-11.64374007195238,11.173781691837512,65.01984275687025,59
1702101559705,-11.432602638151595,11.314777455316928,65.12206515708336,59
1702101559758,-11.084359704798809,11.213510332665319,64.71514123411986,59
1702101559832,-10.703895236227046,11.174255819252435,64.18893466176002,59
1702101559898,-10.535283679189554,11.230558267808496,64.34695107606079,58
1702101559973,-9.955283404418648,11.026219962964323,62.89691602050171,57
1702101560028,-10.000355430003415,11.197151597858072,63.730532382815326,57
1702101560090,-9.974961119743137,11.222715442821563,63.466553206955034,56
1702101560162,-10.261139296993921,10.987666139569246,62.74655379099899,57
1702101560224,-10.685990926678882,10.74415080713558,61.90310412011146,56
1702101560300,-11.358051896297706,10.563627265850563,61.18718183872782,56
1702101560360,-12.186051289771688,10.76822737181451,61.624989519382076,57
1702101560417,-13.04107991501307,10.602376528860505,61.806720691210124,57
1702101560499,-13.296458601113303,10.419426265376368,61.142777469920084,57
1702101560557,-14.18607241035654,10.208789842579296,61.276600725536106,57
1702101560633,-15.596752983843702,10.483836248237994,64.23225602013844,58
1702101560690,-15.985039407823852,10.226611531077207,64.40720844965723,58
1702101560781,-17.204666545583834,10.360826941819234,64.00953614845146,59
1702101560836,-17.619714067932286,10.30617583277463,63.68370857525178,59
1702101560886,-18.801513845820207,10.52888123603556,63.907590831304915,59
1702101560977,-19.57286965954135,10.457807203510816,64.86079383670541,59
1702101561031,-20.5342870095715,10.631322534578963,64.77473943457065,59
1702101561170,-20.990141664593914,10.711357447340836,63.89774256948999,59
1702101561219,-21.630730049408008,10.804266261262162,64.40421345286282,60
1702101561273,-21.62854020591641,10.793028436028079,64.12071136713843,59
1702101561373,-22.183033920884576,10.898873214624357,64.55685000609552,59
1702101561425,-22.457362190787137,11.006945752951586,65.16578220502377,59
1702101561501,-22.624521712669107,11.08039308371114,65.52259769842563,59
1702101561556,-22.51507694769917,11.030280692911495,64.86729178114547,60
1702101561611,-22.616007600840238,11.102069133964475,65.17426007256076,59
1702101561680,-22.378017856077346,10.960179955694922,64.50076542777884,59
1702101561741,-22.50503202553674,10.946490591773117,64.46347661994194,59
1702101561813,-22.75804816793036,11.060669789143404,65.17359815506408,59
1702101561873,-22.64067743799996,10.938297422675102,64.77261658678403,59
1702101561933,-22.605754833108872,10.939383896301324,64.62626475070395,59
1702101562011,-22.671147817771534,10.949551876204062,64.8489704146999,59
1702101562072,-22.59372522973019,10.946460591162303,64.79636616684928,59
1702101562144,-22.45793767287646,10.901276635926846,64.65241365329908,59
1702101562220,-22.430841420317375,10.865822094155533,64.72020938467612,59
1702101562271,-22.779740831555365,10.940826597138708,66.03574001702748,59
1702101562354,-21.796890682256624,10.272341516083175,63.39279456753713,59
1702101562405,-22.017353452803473,10.33826133032573,63.977869834755715,59
1702101562475,-23.26582450930585,11.285930724748246,67.32508296081365,59
1702101562534,-22.886930498958346,11.30935236797837,66.15340553180238,60
1702101562593,-22.95311540732715,11.341293791377078,66.20860861446045,59
1702101562673,-23.015234322192967,11.30633960878858,66.18920269522503,59
1702101562728,-22.85744698511045,11.214552825913255,65.5468509890612,60
