1702101589754,18.081790690092227,9.286608815119965,51.73169430474659,48
1702101589820,18.206396385772578,9.306258845818126,52.0957304248757,48
1702101589876,18.259283211395292,9.300800930702392,52.22569857171686,49
1702101589940,18.236135254508888,9.286952369690413,52.282937077457106,48
1702101590005,18.234964734709433,9.290763879950273,52.36988933262194,49
1702101590081,18.255889704626508,9.320051092454054,52.555404803975804,49
1702101590138,18.12901270883937,9.321283002084167,52.597782227088324,49
1702101590194,18.023529286215837,9.27582798921281,52.519045285502145,49
1702101590271,17.95256766550789,9.254620685079928,52.445425003165184,49
1702101590328,17.96655297812769,9.242147789551089,52.5647085470675,49
1702101590391,17.95223201621781,9.223715776734391,52.53043231320033,49
1702101590467,17.963546957471387,9.217768721543512,52.59201443115006,49
1702101590525,17.927187217375906,9.210859976590621,52.530327186955496,49
1702101590583,17.888026120697578,9.171905727855389,52.35058335605261,49
1702101590659,17.854565664010174,9.132283849642981,52.237888559008795,49
1702101590720,17.88461839987409,9.130530824142983,52.43219012188962,49
1702101590799,17.888583545748176,9.143615198281765,52.4740624864138,49
1702101590855,17.90237134955437,9.127085741110125,52.555579767656276,49
1702101590916,17.969619840580673,9.225121268622598,53.26593651095872,49
1702101590990,17.76198079932062,9.230667095488833,53.018695612669404,49
1702101591049,17.538559329279902,9.435045339493636,53.46557092182539,50
1702101591114,17.374845256825257,9.427173060385577,53.392403709280195,50
1702101591184,17.060407831154173,9.439841712837897,53.47604016477269,50
1702101591244,16.76157575028404,9.468908554527154,53.72363732355291,50
1702101591304,16.35588841940958,9.372175554284903,53.66676611507093,50
1702101591384,16.075353709102437,9.356236094361574,54.199268019844,50
1702101591438,15.755873741411344,9.413476657668006,54.48642661603648,50
1702101591499,15.219893098535136,9.38881926541376,54.45538610191206,51
1702101591572,14.79227025475669,9.54087218217484,54.82642972685952,50
1702101591636,13.998179128092973,9.589224433235149,54.57034221062518,51
1702101591715,13.390392086770797,9.647203610086942,54.57973689836057,50
1702101591769,12.60282814808753,9.589213276479606,54.23614415729124,51
1702101591829,11.900729608683113,9.640667938271383,54.423476073151946,50
1702101591905,11.178531051974316,9.561003267076742,54.09854584471425,50
1702101591968,10.550159920858798,9.651254060657001,54.309386854086995,50
1702101592023,9.836868217850748,9.650170630178707,54.19690288006934,50
1702101592102,9.521571208242182,9.72893034338091,54.49051942135713,50
1702101592160,8.414145120850414,9.753737774055107,54.14144185289219,50
1702101592220,7.808211230330785,9.813881461025014,54.315873654313606,50
1702101592295,7.468286808335902,9.768064353874086,54.096821614222534,50
1702101592355,6.912351634507201,9.665735633765681,53.8274599944957,49
1702101592428,6.481511482212917,9.693599422088223,54.08927095639174,49
1702101592489,5.938020703926744,9.628574193789168,53.95866945273961,50
1702101592550,5.354004145359342,9.530306365311585,53.44019296351894,49
1702101592625,4.802380268881836,9.35607960754325,53.01679263049532,49
1702101592684,4.401046462818824,9.392948748723088,53.37050207885886,48
1702101592744,3.9916438713938254,9.324545942508683,53.546510245901494,48
1702101592835,3.4973757174886866,9.103228881933326,52.86405171411193,48
1702101592888,3.169367904679826,9.144025679997332,53.06293931557509,48
1702101592938,2.586556993885503,8.966575646702065,52.02003105850537,47
1702101593017,2.0303858695758263,8.99498252058393,52.77920670744344,47
1702101593078,1.6553455895791234,8.804652180599604,51.661114811028206,46
1702101593138,1.3754579490938517,8.939760572322031,51.74565185859507,46
1702101593213,0.866126206223192,8.701191861648974,50.775697742956105,46
1702101593272,0.5013441684794608,8.687919544202293,50.84545620563792,46
1702101593339,0.037601738301539456,8.589997192861352,50.72000170251431,46
1702101593412,-0.1808069394620284,8.58809795729243,50.734959167022495,46
1702101593475,-0.9556394196714922,8.510906421996706,50.301924570772755,46
1702101593529,-1.118776807122476,8.576671970785608,50.495463737932944,46
1702101593599,-1.3659374903544093,8.576817713913986,50.351619797503346,46
1702101593668,-1.6704214835333717,8.589820055171582,50.285157414189584,46
1702101593727,-1.8041651023143583,8.573888964903478,50.490401881755,46
1702101593794,-2.001905877775301,8.55907794684112,50.446012427975255,46
1702101593853,-2.280694335874969,8.65755747277358,50.91879992338797,47
1702101593914,-2.7620843345641113,8.571052824883726,50.71255792216522,47
1702101594053,-3.97213296875249,8.694982407876212,51.70501338811441,48
1702101594128,-4.520481157003018,8.786152207523722,52.060515431458576,48
1702101594185,-5.2490445650710225,8.828127421897335,52.36191345466355,48
1702101594247,-6.115153071459171,8.753846564177037,52.09463594696278,48
1702101594320,-7.041507209093203,8.790472398551287,52.59960613099864,48
1702101594381,-7.817350774690137,8.78349682060965,52.540676753655156,47
1702101594439,-8.54109730182167,8.801076207214239,52.655287236261806,48
1702101594516,-9.16423069151247,8.722069078079944,52.11099484429201,48
1702101594574,-10.02321185158727,8.833704084925788,52.79282980898059,48
1702101594634,-10.261596983340795,8.777466392911192,52.41911133701211,48
1702101594719,-10.85862279966447,8.782519192680914,52.58922855322075,48
1702101594770,-11.552093227223253,8.812036929193534,52.589232253964,48
1702101594835,-11.868521782204507,8.887768057692378,53.012339008892006,48
1702101594907,-12.423574711785378,8.891720757775905,52.78435447911269,49
1702101594965,-13.478623292046452,8.98119159346399,52.85716637636033,49
1702101595040,-14.045889716946373,9.125718017749898,53.60792897772449,49
1702101595099,-14.810850869826966,9.103954578745556,53.46968017668901,50
1702101595175,-15.720538888688322,9.197246813480678,53.93829537825606,49
1702101595225,-16.681188874868088,9.355413251196854,54.58057254617485,50
1702101595293,-17.743736508847157,9.601857211764308,55.55532457512901,50
1702101595357,-18.513018996352272,9.723292854650172,56.0248046396242,50
1702101595431,-18.546727522405984,9.514680744002732,54.75741855829586,50
1702101595491,-19.13245423900366,9.671108919112724,55.52775806544082,50
1702101595547,-19.389220106653063,9.723296142445978,55.95430507056629,50
1702101595643,-19.542571131052178,9.787701348774862,56.227043255064345,50
1702101595703,-19.616136989344426,9.829839862804093,56.37158187350097,51
1702101595756,-19.41799576967123,9.762753491066679,55.825293021541654,50
1702101595821,-19.397863040139757,9.770527931801162,55.97340348943517,50
1702101595878,-19.344671437037462,9.834460222335684,56.047882215857754,50
1702101595942,-18.931421157082138,9.770267678155973,55.24956385664491,50
1702101596015,-18.912241497453493,9.791374448077333,55.45674289216981,50
1702101596082,-18.81976771568156,9.769795747511822,55.36049011585406,51
1702101596154,-18.70955865308937,9.767376762274482,55.41441688306967,51
1702101596209,-18.517696371019376,9.753438255802832,55.33647533411528,51
1702101596273,-18.554371143777274,9.806997532040933,55.637750181612944,51
1702101596343,-18.500793859214273,9.829387909631098,55.78774458951959,51
1702101596404,-18.28408627508639,9.80616225744277,55.50069599486468,51
1702101596466,-18.13068538187859,9.757664097797797,55.30105684592022,50
1702101596540,-17.88909410334261,9.660824606769191,54.935695729356546,50
1702101596601,-17.483967211553782,9.717391557102673,54.59581124378827,50
1702101596658,-16.87085228591023,9.729747811695376,54.28152895419227,49
1702101596735,-16.186352193050784,9.899547481841756,54.14467819452396,49
1702101596793,-15.536395515830408,9.983801374741816,53.94517011906841,49
1702101596855,-14.856685093464574,10.019175986901882,53.95633307588602,50
1702101596931,-13.856355245125915,9.800516113773618,53.120595948435756,49
1702101596988,-13.0233950425631,9.906511232620035,53.77534165450629,49
1702101597050,-11.899606054001698,9.706064418469948,53.49537307266032,49
1702101597122,-11.43342625764927,9.854312539307811,54.129361444145694,49
1702101597188,-9.60549244527205,10.042841633448372,54.03490600463465,50
1702101597260,-8.905289662206298,10.118741686070909,53.82974932338153,50
1702101597317,-7.64013417391865,10.289296489710924,53.93623465213053,49
1702101597377,-6.203259958950713,10.365494204610554,53.94264648776248,49
1702101597456,-4.714323940567982,10.338795559812256,53.089006207416,49
1702101597514,-3.472835254724623,10.493278052882077,53.908488368454876,50
1702101597571,-2.243540496052391,10.299707590420486,52.71407853583927,49
1702101597653,-1.0834921712037033,10.32896554002621,53.36009606939654,49
1702101597711,-0.29062755024145553,10.14101808052321,52.66041197608759,49
1702101597768,0.7248232876985977,10.088151295396946,52.77963853631281,48
1702101597844,1.6172089668868208,10.06873084429367,52.18879845537301,48
1702101597909,2.53374663037543,9.961474019244315,51.94475426285591,48
1702101597966,3.524152996615369,10.015542737394847,51.96362725460409,48
1702101598043,4.534402732563085,9.886563921552932,51.280366667348325,48
1702101598099,5.621241472442436,9.862405961439581,51.15197686741247,47
1702101598203,6.660668509863221,9.805360612420223,50.754126241914896,47
1702101598258,7.758899202784031,9.792421603099745,50.693895106664925,47
1702101598313,8.993259544151961,9.67952711262957,50.92191029382527,47
1702101598371,9.53723555747184,9.677330983911279,51.04708315019495,47
1702101598428,10.7864876026301,9.711000175081407,50.67208694481222,46
1702101598491,11.325952883619076,9.857620891622563,50.960440853309336,46
1702101598565,11.452777142424724,9.657655558399924,49.93945039013809,46
1702101598622,11.563390353915663,9.697838788504551,49.91819663306028,47
1702101598686,12.11706678213475,9.82468127541373,50.38438990176719,47
1702101598758,12.592134136852005,9.829069378784833,49.975515591423104,47
1702101598821,13.334395647328574,9.933097250368103,50.380095318486696,47
1702101598879,14.269274005697644,9.994669374593911,50.973506077891564,48
1702101598956,14.950175553201387,10.058171628275907,50.24739364272306,48
1702101599014,15.925090173971558,10.195488000353857,50.67178047975705,48
1702101599084,16.488960907966568,10.126851386677073,50.25567763061631,49
1702101599147,17.637838223665803,10.33359695117903,51.28143025266013,48
1702101599207,18.423175541687666,10.462122484530827,51.61119441888017,48
1702101599272,19.09206120195414,10.639046617254895,52.250892663261126,49
1702101599343,19.258639482532807,10.591125231085414,51.879482548603775,49
1702101599403,19.66454231665297,10.71106267560234,52.370249162726154,49
1702101599465,19.741020674622483,10.623340713411233,52.052330590145324,49
1702101599539,19.682952091733785,10.570907176962017,51.70048138723789,49
1702101599599,20.178638908999783,10.843979004924291,52.44144051469147,49
1702101599674,20.224025319343177,10.863406251184582,52.4154179927326,48
1702101599736,20.180027329429333,10.846367498590777,52.34934491232983,48
1702101599795,20.329069644886697,11.020931356636522,53.01776012923276,48
1702101599869,20.25758768030874,11.08090925144435,53.11889621203515,48
