1702101659702,3.7997883684502414,24.972619417591154,77.0570660654245,74
1702101659770,3.6706892798716626,24.867179052786103,76.87605315288152,74
1702101659827,3.6603583984754313,24.82218733445151,77.40480340080298,74
1702101659900,3.711856548557488,25.004376079957737,78.39402448703053,74
1702101659962,3.755483605831057,25.157976468035177,78.96311392823426,74
1702101660036,3.6805916991497014,25.018681660472772,78.56810259618715,75
1702101660100,3.6772826728050574,25.21494348850067,79.02137889142189,74
1702101660172,3.610402639382104,25.31607701980149,79.35118064567651,73
1702101660232,3.5604061348465366,25.298744404238292,79.23970224184696,74
1702101660290,3.501749711105795,25.20410212131482,79.122128554956,74
1702101660369,3.3820351112356506,25.165984660478937,79.18348885171731,74
1702101660427,3.2856241231460146,24.88056113006323,78.39070559077949,74
1702101660501,3.199704985993156,24.674044428662697,78.14771533045658,73
1702101660562,3.1507467195113827,24.32270487076649,77.9104811429622,74
1702101660635,3.103830904911586,23.946637524947466,78.25807324459885,73
1702101660697,3.024730517233293,23.36399734628628,78.35440962613322,73
1702101660771,2.8743496305445815,22.4284903658852,77.36188400773096,73
1702101660830,2.9004439892759173,22.125277189300554,78.86882865351238,73
1702101660906,2.893561822230746,21.123325749132324,78.27346999166024,73
1702101660965,2.9168290496891385,20.155375083915736,78.05688439442524,72
1702101661027,2.848477576155264,18.96345081699188,77.11886930964569,72
1702101661111,2.5934157489854432,18.034931908174862,76.57055324622222,72
1702101661168,2.411471922142151,16.939377694944817,75.90910847060456,72
1702101661237,2.375640472359537,16.217037414111342,76.87009295993035,71
1702101661294,2.4104949032452536,15.19320599658061,76.52842877858342,70
1702101661374,2.480317206662608,14.07289789492059,75.51725133497355,70
1702101661429,2.619752517872611,13.348833334113365,76.1364015337533,70
1702101661507,2.6340314273729617,12.40877052849622,74.56375980757176,69
1702101661566,2.627314919175626,11.89318230778705,74.41891644609642,69
1702101661624,2.6135194394921824,11.631024543732636,74.53486327221061,69
1702101661700,2.6702672757563635,11.4403717547554,73.56020685261284,69
1702101661765,2.7538184763169595,11.45794912375328,73.27200255482457,68
1702101661836,2.643096082515465,11.511993250815808,73.47856492069705,69
1702101661893,2.4088065991574443,11.05191761261557,72.00981658078643,69
1702101661978,2.3328453156225093,10.93275652835377,72.74931190444593,70
1702101662032,2.257598770150453,10.99089633013327,73.17297553559548,70
1702101662093,2.22570563369848,11.212435055957789,71.96694139818139,70
1702101662168,2.001138489766327,12.183329225033301,72.38672734987313,71
1702101662226,1.744003313783731,13.90722307684711,74.75316749642671,71
1702101662300,1.5090782949507702,15.418673401966128,75.16033978230911,71
1702101662365,1.311927157151926,17.14263890318888,77.02179548570273,72
1702101662439,1.2191850438732883,18.731586672316805,76.72186745983869,73
1702101662494,1.1873337129329504,20.226014720562876,76.60483580073193,73
1702101662557,1.1581560881465964,22.072842553171405,77.6885246918293,73
1702101662630,1.2857036298338707,23.472990668652123,77.16727888261933,73
1702101662694,1.3031616940785744,24.772070311964633,76.61894815868315,72
1702101662765,1.435388705405106,26.05894914834057,76.70999376472191,72
1702101662829,1.2772306324187006,26.675778562230374,77.31234986227975,72
1702101662899,1.5171166839999741,28.792796501818106,82.00723516351853,73
1702101662960,1.4097631787077303,28.502685756816536,81.24304024371668,72
1702101663036,1.3716150659055046,28.934597085268276,83.18396568448819,73
1702101663107,1.0623278903651323,26.88779247415324,77.30852861634862,74
1702101663175,0.8963362044131862,26.452100357310222,76.48111280913066,75
1702101663231,0.7724355233368468,26.356609606519914,77.29117273714985,75
1702101663290,0.8477919573527906,26.887880846761686,80.15041108902811,75
1702101663363,0.7967242311367947,25.734470001258497,78.73219995785453,75
1702101663426,1.3051536478091437,25.742921535021154,78.93959332800445,76
1702101663500,1.1546432526561416,24.975353190976925,78.55540980251281,76
1702101663561,1.3884965650647383,24.4420399895905,78.30714647728733,76
1702101663635,1.4541220768583285,25.69464535691557,82.36168587956432,75
1702101663694,1.5491462154173652,25.47645245544315,81.91904397729935,75
1702101663773,1.4474024544869686,24.509890176549128,81.01277490421305,74
1702101663833,1.3529629134161125,23.789176336714064,81.43727129251033,75
1702101663907,1.0809476469936885,22.136924510400686,79.81305419953213,75
1702101663973,0.9598829686388339,20.882326022177857,78.1625783928509,74
1702101664025,0.9914703386415424,18.66276690607878,78.77895016474034,75
1702101664099,1.0709470395301242,17.16099801765392,79.42246491126892,75
1702101664160,0.958316106461637,15.362478808552806,79.25756736381824,74
1702101664238,0.8752903704914772,13.73185066014727,79.26739822778433,73
1702101664295,0.9415669951948755,13.266626719203272,81.02468727904984,74
1702101664375,0.9252466927957265,10.867599467179504,78.08122734371881,72
1702101664428,0.9168036160495893,10.3128653305081,78.37778082114394,71
1702101664507,0.7093414780336879,8.424582717726915,77.40662026939641,71
1702101664568,0.5732562503651215,7.690631141413019,76.78496979542358,71
1702101664626,0.428001323978643,5.751057961522769,76.26912834401388,72
1702101664700,0.5617663984890179,5.187645778306485,75.91271141679654,72
1702101664760,0.9752032157768419,4.055820113903268,75.18241871739404,71
1702101664842,1.124534220146944,3.824744571158629,73.88403109886129,70
1702101664895,1.2071365760179795,3.7598550400945103,74.28055642657736,71
1702101664970,1.1023960709349205,3.52110719462459,74.65388156894488,70
1702101665031,0.9725480006232106,3.3572219811445834,73.77468318157187,70
1702101665107,0.5641347094031739,3.039843334462002,74.43695633462377,72
1702101665162,0.5015245528309663,2.83201286972091,73.56085563490358,59
1702101665256,0.16697193684177458,2.33873823959202,74.31506357052764,58
1702101665308,0.056191532097333616,1.9655305744681857,74.74964923326438,59
1702101665376,0.04346945214402247,1.4693238998179161,75.29515944557528,58
1702101665436,0.08339316700737825,1.3438128292938014,75.73901378110845,57
1702101665509,0.17958394053758092,0.8780203311908797,72.82846154888993,58
1702101665572,0.2979065271947381,1.1907833039815534,75.6007794430703,57
1702101665635,0.2628169685648721,1.1914887091309163,74.43024493298815,57
1702101665690,0.2797669397755291,1.2062468690963082,74.66935423821765,58
1702101665748,0.3907205163538507,1.3093772246375606,75.44135664979449,60
1702101665829,0.42539731133320574,1.2785680939246893,74.93438811193914,61
1702101665884,0.6092020015091205,1.4856830404294117,75.12173992050357,71
1702101665966,0.7184573884947567,2.2604855195724,75.09330329913338,70
1702101666024,0.6175843623974148,3.3116616629024542,75.47369990173044,71
1702101666099,0.46226300796283787,4.597043611883799,76.29916964533096,70
1702101666156,0.28990742802289016,6.0760943745497835,74.72979139091471,70
1702101666232,-0.02766329943396861,7.984688133050717,76.10107424356902,71
1702101666289,-0.5632912657913501,9.519816633645632,75.15456358402615,71
1702101666348,-0.5632912657913501,9.519816633645632,75.15456358402615,71
1702101666428,-1.0053948246091233,14.951536614126336,75.46644760699124,72
1702101666487,-0.8401603822041382,16.76451129590888,73.42732779658539,72
1702101666561,-0.8931622171972093,19.987384084974984,79.20891263351528,73
1702101666620,-0.8931622171972093,19.987384084974984,79.20891263351528,72
1702101666704,-0.45097891398842177,25.565880253706183,78.48632410089499,73
1702101666756,-0.7977809327695703,27.460304368793373,79.72686504639893,73
1702101668116,1.730385939220713,13.336395296263877,77.26721131463694,72
1702101668194,1.6596939524544498,10.61401122377677,77.14028135794862,72
1702101668263,1.7466411116572746,8.46295135420006,82.78637886112733,71
1702101668326,1.7466411116572746,8.46295135420006,82.78637886112733,71
1702101668400,1.4962374817197621,3.7645793538875134,76.66340429785465,59
1702101668458,0.7935360117267672,2.3275125658327425,75.55771786826342,60
1702101668509,0.3673094408396435,2.1394390679345108,74.5899835181342,61
1702101668560,0.17306952190844732,2.393749882813445,75.0209489614935,71
1702101668614,0.15971568420273755,2.6164569719833453,75.68249979989264,73
1702101668690,0.16499128130011564,3.4907687351654952,74.4191786528962,72
1702101668750,0.24062031870278947,3.9380154418074924,75.27761765698445,73
1702101668826,0.7347699589843888,4.537557425073853,75.13400366815839,73
1702101668885,0.9903747631184673,4.8602980353645915,76.58985281010402,74
1702101668960,1.3876908406498045,4.989585936523205,76.08211933056981,74
1702101669020,1.7090642199755026,5.426170910068751,79.52845550292616,74
1702101669101,1.5779737327271157,5.104476689675412,78.20317639601954,74
1702101669154,1.5729690011910498,5.105176386922483,78.52180758470166,74
1702101669212,1.5579176278933553,4.981817637351627,77.54733481664252,74
1702101669290,1.4831717910037179,4.956356545043353,77.70764821986994,74
1702101669349,1.1604344450014643,4.783566780433734,77.61527119310597,74
1702101669428,1.1295548024908009,4.74550315418292,77.83628961541854,73
1702101669490,0.7782672985057882,4.701598149567862,77.24957172634002,72
1702101669562,0.512030060702116,4.59962922084391,78.55129221697385,73
1702101669621,0.3438812602929568,4.402585075804948,78.30117960320489,72
1702101669694,0.344355521040142,4.194615069016923,78.26924468378074,73
1702101669773,0.400060178426721,3.917168260220127,78.48385561252076,63
1702101669846,0.2955091079880633,3.7542565910196837,78.1527491802363,61
1702101669909,0.3363877802446213,3.7438687116106144,78.10469848130435,62
1702101669965,0.21740670623752492,3.63636029443474,76.93106420414014,61
1702101670027,0.03579706981179379,3.210493659257526,76.97964726937475,60
1702101670094,-0.1100576723749319,2.963739216857934,77.13370862723872,60
1702101670150,-0.3694636204046128,2.7186074313274897,76.52617810775133,59
1702101670267,-0.5883718608198786,2.6468772092910227,77.42017721481702,60
1702101670317,-0.8128919383894474,2.4978706244542352,77.43588008097886,62
1702101670373,-0.9567850934843333,2.379818383960703,76.84219348568944,63
1702101670424,-1.034956791619742,2.246838019775191,76.6589757901723,63
1702101670476,-1.262450986862752,2.5632906008500127,77.7754335407821,74
1702101670550,-1.413087510020225,2.759660103216887,79.31147100062955,73
1702101670685,-1.6814890638588034,3.8710819712043816,80.53623002682419,73
1702101670747,-1.8660245363057568,5.113952737485081,79.34637313985468,73
1702101670821,-2.0818415011155276,6.896711351537536,80.21674926473979,74
1702101670881,-2.178035488952295,8.870351256558344,78.75381651345677,75
1702101670958,-2.22108525370387,10.786576300164686,77.85501407819932,74
1702101671012,-2.22108525370387,10.786576300164686,77.85501407819932,75
1702101671100,-2.1180947279153908,16.35602619711576,78.5542771729174,75
1702101671158,-2.4200543376972754,19.29531060115762,80.91582847138399,74
1702101671211,-2.4200543376972754,19.29531060115762,80.91582847138399,75
1702101671280,-2.4200543376972754,19.29531060115762,80.91582847138399,75
1702101671340,-2.4200543376972754,19.29531060115762,80.91582847138399,75
1702101671414,-2.4200543376972754,19.29531060115762,80.91582847138399,75
1702101671475,-2.4200543376972754,19.29531060115762,80.91582847138399,76
1702101671567,-2.4200543376972754,19.29531060115762,80.91582847138399,76
1702101671617,-2.4200543376972754,19.29531060115762,80.91582847138399,76
1702101671683,-2.4200543376972754,19.29531060115762,80.91582847138399,75
1702101671744,-2.4200543376972754,19.29531060115762,80.91582847138399,75
1702101671823,-2.4200543376972754,19.29531060115762,80.91582847138399,75
1702101671881,-2.4200543376972754,19.29531060115762,80.91582847138399,75
1702101671940,-2.4200543376972754,19.29531060115762,80.91582847138399,74
1702101672013,-2.4200543376972754,19.29531060115762,80.91582847138399,73
1702101672083,-2.4200543376972754,19.29531060115762,80.91582847138399,73
1702101672149,-2.4200543376972754,19.29531060115762,80.91582847138399,72
1702101672209,-2.4200543376972754,19.29531060115762,80.91582847138399,72
1702101672288,-2.4200543376972754,19.29531060115762,80.91582847138399,72
1702101672348,-2.4200543376972754,19.29531060115762,80.91582847138399,73
1702101672422,-2.4200543376972754,19.29531060115762,80.91582847138399,72
1702101672487,-2.4200543376972754,19.29531060115762,80.91582847138399,72
1702101672568,-2.4200543376972754,19.29531060115762,80.91582847138399,72
1702101672622,-2.4200543376972754,19.29531060115762,80.91582847138399,72
1702101672682,-2.4200543376972754,19.29531060115762,80.91582847138399,71
1702101672777,1.7882435590305026,8.463161011045166,71.94606443007993,71
1702101672832,2.2076421599277167,5.829023787119014,75.30415314696691,70
1702101672894,2.402719636908899,3.8009720321247484,74.67550482408363,69
1702101672949,2.5210951165807973,3.0216443166995752,75.66929990988095,69
1702101673027,2.467010986034169,1.3060170035883913,75.03206291099387,69
1702101673102,2.282939109021521,0.727214198945567,75.07040060087898,69
1702101673155,1.9803375681403925,0.4290274498237252,75.23382964924453,68
1702101673222,1.655217347991867,0.2298926540054926,74.88184704604546,69
1702101673277,1.392284961109591,0.2645718277214839,74.05290071871036,59
1702101673357,1.1941268030480623,0.4939464861051592,75.09825260123726,69
1702101673429,0.917165823177046,1.010217773321689,73.4398256726321,70
1702101673500,0.7664042678915816,1.9143490243262804,73.45135124882816,69
1702101673587,0.5377893012271429,2.596435227449108,73.27314547597832,70
1702101673644,0.3200979466016833,4.7317404580760245,73.14378395299842,70
1702101673710,0.3200979466016833,4.7317404580760245,73.14378395299842,70
1702101673763,-0.48833383135552044,9.987306280206655,73.95163699725603,70
1702101673849,-0.7282398607878411,11.866183698627179,71.88445363006116,70
1702101673915,-0.7282398607878411,11.866183698627179,71.88445363006116,70
1702101673976,-0.5637434072216527,17.51295645356608,74.34896881598722,71
1702101674029,-0.5369876650317772,19.818696921349563,75.10458457421467,71
1702101674089,-0.3354886655414768,21.518138341973973,74.6411623879374,71
1702101674150,-0.08704379529963784,22.730170902829904,73.40725169675198,71
1702101674214,0.22677526091954833,24.29254170339197,74.95848411471665,72
1702101674286,0.2950909177582337,24.10898193432462,73.81841139043621,72
1702101674346,0.3800903797192681,23.92106712912409,75.1623884592117,73
1702101674421,0.4200389324920439,23.907089628149098,76.6834734712987,74
1702101674495,0.3265267914021984,22.661605499862503,76.52012394423501,74
1702101674570,0.11957523134877585,21.167795016248455,76.61301941910712,75
1702101674620,-0.13686862987954126,18.89029886129657,76.06752613741875,72
1702101674675,-0.13686862987954126,18.89029886129657,76.06752613741875,72
1702101674756,0.7517247828468793,9.376274982723846,76.08481011870904,73
1702101674809,0.7517247828468793,9.376274982723846,76.08481011870904,60
1702101674890,1.2019904298821253,4.3372828790949765,77.01205027470019,59
1702101674945,1.5002123071620792,2.000523298525328,75.84070873221485,59
1702101675045,1.6954932848846194,0.5849010903567285,77.52955661080817,72
1702101675100,1.7227213255611082,-0.1545845631733128,75.89313219986511,61
1702101675157,1.6716297752083924,-0.29372464809992094,76.00455953989628,71
1702101675214,1.7439448268917053,-0.35073964428258847,76.5090293146279,71
1702101675275,1.8324681913432865,-0.2604589612293619,76.14951480127804,72
1702101675350,1.9338002466595978,-0.172718231807183,75.85869760674551,72
1702101675410,2.012763740511098,-0.16683002594109583,76.01772299507428,71
1702101675485,2.08887487806603,-0.1207041517295944,77.81962475922234,73
1702101675543,1.836678277944496,0.12829413305162954,78.21339343059763,73
1702101675622,1.3947002656646699,0.06815274192892015,76.4423866542983,73
1702101675698,1.3819047233743957,0.8919122659795552,80.15248943039758,74
1702101675753,1.4159942630541935,1.4730523423165698,79.37165175768173,73
1702101675816,1.432198726889373,2.3705718193502143,78.03849657831717,74
1702101675877,1.4936042584892673,3.473964367792497,78.6631407365647,74
1702101675952,1.2845271720490372,5.720705087154926,79.22150991054185,74
1702101676012,1.2281497224063358,6.625694403210927,78.56173652685878,74
1702101676097,0.9789000354625798,8.096090287035919,74.96163498715377,74
1702101676149,0.8202639840425403,9.986029552386576,76.48309438790295,74
1702101676226,0.5255668162105792,11.93296224571987,78.40833976381337,73
1702101676282,0.5843919836401412,13.657921248423005,77.80250751948392,73
1702101676356,0.8512871481338371,15.703078912311955,79.47374739511604,73
1702101676418,1.371322640738884,16.127291137723084,78.19840364341874,73
1702101676477,1.5994097189013214,16.487721341785115,77.74075181343183,74
1702101676567,1.68955318127208,16.388099928756162,76.84013525281627,73
1702101676620,1.765042734033413,16.721893626436344,77.04001460482505,73
1702101676690,1.9142470090649368,17.459748237989967,77.86809124408734,73
1702101676766,2.152142321710273,17.86660189401599,77.57064150129176,73
1702101676822,2.2920517347066616,18.10778153795567,76.92673643486073,72
1702101676896,2.3676500914903937,18.203152127917896,76.59058730753193,72
1702101676957,2.440689068816335,18.45513992228031,77.33998805865514,72
1702101677017,2.48824067445165,18.41722839858225,76.55320139316726,72
1702101677082,2.5410618948410924,18.866501320257882,76.98699316910727,71
1702101677151,2.601675699402798,19.09815971973709,77.0113277517193,71
1702101677212,2.5266606221975887,19.275211879285212,76.19587839622213,71
1702101677291,2.550577608837274,19.288085905658384,75.71883204193998,71
1702101677346,2.5632966746348207,19.481974997303496,75.98542905496993,70
1702101677424,2.431766018697594,19.876016614935555,76.87237949823161,70
1702101677482,2.380999698248419,19.826478177464896,75.59673597825117,70
1702101677543,2.351222272601409,19.760873108185823,74.65105054295523,69
1702101677632,2.4515802778882207,19.328787480515572,73.69466989648001,69
1702101677689,2.4526624089422087,18.681611966949216,73.8355945470948,70
1702101677753,2.5048530499367243,17.716896591217544,74.79883148272621,70
1702101677811,2.445871172031368,16.07835336746084,75.0559464311735,70
1702101677901,2.3187759034842355,13.135403361601881,71.5200481093821,70
1702101677952,2.320059371782643,11.918193911409233,79.09168336634754,70
1702101678007,2.5691077481085287,9.954903996150223,81.76832784142371,71
1702101678096,2.38791082856425,7.953627723902494,85.19293972094414,70
1702101678148,2.7798926283303804,5.550410399404356,74.12518383926582,71
1702101678217,2.848110264174638,4.680189885279861,74.87444879698367,70
1702101678274,2.8841433078411685,4.257132471832036,74.50711449360635,70
1702101678364,2.867440216491073,3.7142135031138137,73.83386139068296,70
1702101678414,2.9674276011127456,3.4633791712752897,74.12669243163714,71
1702101678490,3.0356898066158493,3.3114737082435024,74.15341611968711,71
