1702101726351,3.1244863305819246,3.2335435315590844,74.33065113792146,64
1702101726430,3.202313763651221,3.1242121475295175,74.87854818000729,65
1702101726485,3.1845259132058232,3.09745142730337,75.1181267059366,64
1702101726565,3.2218499597943984,3.069819589928008,75.09460335641924,64
1702101726620,3.2218499597943984,3.069819589928008,75.09460335641924,64
1702101726687,1.1196413841836919,8.365705036105778,69.0470654331613,64
1702101726755,1.1313511962288254,8.356084545047507,68.985942668656,64
1702101726816,1.0647972696801018,8.32109386181798,69.14260835816732,65
1702101726892,0.9806695233777611,8.226688593305555,68.63840548106813,64
1702101726952,0.8885079940441005,8.302648584601487,69.20734152553025,65
1702101727012,0.8700850501623608,8.2722202003441,69.0009831611479,65
1702101727092,0.8906248157342677,8.255384246927399,68.94906616067027,65
1702101727149,0.9672779546541423,8.122128213114285,68.81501310801927,66
1702101727238,1.2800732759762017,7.563829825679672,67.7867514167837,67
1702101727296,1.675508497758453,7.771511799279161,69.02256420823106,68
1702101727358,2.389613797229012,7.820139562177787,70.28061403353485,68
1702101727415,3.1001068864875836,7.712449172170285,71.5148570318674,69
1702101727481,3.642706863693633,7.566799635470911,70.53416705829916,69
1702101727552,4.10521158644431,7.584672952380555,70.68173229664487,69
1702101727614,4.461876919274356,7.773773504410365,72.8739982617868,69
1702101727688,4.555655272926983,7.819374529026151,73.753231970002,69
1702101727765,4.421091199932623,7.816043430769695,74.10916335456704,69
1702101727820,3.513061257979021,7.737423447269253,73.37452590653191,68
1702101727881,3.208917695520371,7.789837512397069,73.13261434670697,66
1702101727957,2.0923421809609337,7.305991895994146,72.95513132870781,66
1702101728017,1.4510993681097235,7.649110282406784,74.11088603336763,66
1702101728089,0.8157559826372768,7.419444587638098,71.58705223865313,65
1702101728175,0.5907543753141573,7.298342611178596,71.000806329437,66
1702101728237,-0.06236759082320009,6.880276369164006,70.23797138421882,65
1702101728291,-0.185197134628562,6.9320960783196135,70.92197159195209,66
1702101728344,-0.4696991121364585,6.87884220147368,70.72281748161932,66
1702101728408,-0.5732710125354352,6.851608585740548,70.55984973345436,65
1702101728481,-0.597280995519546,6.875928640305562,70.8989972249507,65
1702101728542,-0.4485037459125494,6.88021447247897,70.96216670156085,66
1702101728619,-0.25082328829252626,6.820166228582158,70.31577651657778,66
1702101728675,0.14911738428817453,6.845897325867699,68.94674343504131,66
1702101728740,0.5542136027175139,7.118823261388644,69.34179590196639,66
1702101728810,0.805111784801116,7.320186043906138,69.66585159909378,66
1702101728870,1.1461189718578597,7.703944400306909,70.64650530415798,66
1702101728948,1.272582511059756,7.735954127037622,70.20767392481797,66
1702101729005,1.5408382971611947,8.065520464998594,70.686117807646,66
1702101729092,1.6833677726217082,8.11493997927795,70.0949725762272,66
1702101729165,1.7648159218475263,8.208716678474715,69.44751040472642,66
1702101729247,1.927900286679285,8.278341097410584,69.58451396056711,66
1702101729313,2.209084972538609,8.437187614720369,69.34383693212975,66
1702101729369,2.4589083493223125,8.496074538371255,69.71396730381682,67
1702101729420,2.9661715334807894,8.72326753062373,70.63789429092174,67
1702101729473,3.2652119121673375,8.856303350805431,71.30822933321323,67
1702101729551,3.47650669477463,8.761510879278319,70.73775887240895,67
1702101729609,3.6892241407649395,8.687659573190235,70.39894568963904,67
1702101729666,3.736950143115089,8.69229785492535,70.28125613605157,67
1702101729743,3.8283611009514775,8.80777921031781,71.23313442329491,68
1702101729806,3.822770015323415,8.8374068184208,71.05324690443403,67
1702101729883,3.8169195834697915,8.857620211550193,71.03470045386494,67
1702101729940,3.793419554637011,8.708445196543678,69.31127522907573,67
1702101730014,3.9223425162382006,8.950715643926872,71.02483266408444,67
1702101730072,4.0554829589796455,8.886893684985425,70.34373584721175,67
1702101730132,4.166148831102143,8.906556403882444,70.73681765424499,67
1702101730209,4.280349629569728,8.92433589703302,70.71430391258944,67
1702101730268,4.332266065037312,8.949518007815865,70.79028846270799,67
1702101730340,4.409569823810091,8.974684302578828,71.06038581699177,68
1702101730403,4.456086681464224,8.887821714506263,70.4736447054917,67
1702101730464,4.488895403189707,8.923486091457027,70.58474222291963,67
1702101730538,4.505426749699188,8.982619318603373,71.15404349863228,67
1702101730597,4.465652358867444,8.926370759933418,70.55461028999828,67
1702101730672,4.495410344587227,8.939443660778522,71.07506098108152,67
1702101730732,4.470816824436242,8.916198846497768,70.82705251289707,67
1702101730812,4.418617476531314,8.856241356720659,70.75110249595488,67
1702101730866,4.404474764216019,8.856755838960686,70.7454492233949,67
1702101730929,4.355247794019584,8.858215965983424,70.99806081731596,67
1702101731001,4.283218097528017,8.854188554879572,71.35380893368618,67
1702101731065,4.203706535067886,8.80429749766104,70.90321159258542,67
1702101731141,4.142378562022021,8.768351888852086,70.63569514193746,67
1702101731196,4.093207062431596,8.788630172715855,71.1230768133405,67
1702101731280,4.017042205600927,8.748646134011008,70.88490167001301,67
1702101731347,3.9687796260746087,8.79712838313859,71.41521746544183,68
1702101731403,3.892263584084918,8.757981746991723,71.32866905654012,67
1702101731468,3.864431561484321,8.750862693241109,71.35322821879339,67
1702101731526,3.755218043977202,8.68507341449277,71.51263437263201,68
1702101731646,3.7417316313849223,8.627881717698038,71.57185032269427,67
1702101731698,3.6690641714334755,8.666276562556499,71.84630513186887,67
1702101731753,3.5966496795168843,8.652534113891141,71.69890836703085,67
1702101731813,3.434601405007699,8.651923974059743,71.340648008177,66
1702101731867,3.4133629141670836,8.580301168910712,71.38812681940045,66
1702101731945,3.4969160518509446,8.41951572887546,70.62665158347102,66
1702101731999,3.5785062771216705,8.436075236445307,70.86479408677421,66
1702101732067,3.6880990223489465,8.452716497103042,71.36420330333668,66
1702101732143,3.762404835946486,8.403716654663558,71.52917127830827,67
1702101732198,3.868247303113519,8.341330916289692,71.54884103435437,67
1702101732262,3.9263176683575662,8.248881502049727,70.86960210441363,67
1702101732337,3.934231168084378,8.289550153341422,71.07084926439238,66
1702101732396,3.8793357411537674,8.269012318943819,71.08740383496068,66
1702101732455,3.8228278877734314,8.273562296984942,71.47964983939572,66
1702101732533,3.5005582316418655,7.968366420235445,70.68789396329791,66
1702101732592,3.255479332717805,8.029872237552027,74.6909304019934,66
1702101732674,2.99437850678611,7.659443247399024,73.33206037188539,67
1702101732725,2.8125698294182184,7.420165083608986,71.84120523810324,66
1702101732788,2.6621616705344535,7.16360620289994,71.02495388825383,67
1702101732866,2.5961786198129144,7.1137789041426736,70.9203365601576,67
1702101732921,2.548312542858428,6.948125618914433,70.17171342461361,66
1702101732998,2.578152279024708,6.990652296364895,70.60013583477922,66
1702101733057,2.6488755753303415,6.887201087330874,70.15506975511772,66
1702101733116,2.790816479541893,6.9586573355137995,70.63880271638081,65
1702101733191,2.852446105136624,6.9023202133005865,70.18260411349273,65
1702101733271,2.877267941054672,6.939836084991925,69.9652830086275,64
1702101733324,2.579783404444778,6.856256285122459,68.8354644540912,64
1702101733386,2.2846514283386297,6.896032911883597,69.31031983075103,63
1702101733469,2.0216341916276668,6.855497752327626,68.76299448396733,63
1702101733524,1.7725132038769433,7.019148005263563,68.44578020106493,63
1702101733580,1.6226323774346858,7.142005920552991,68.00805850827234,62
1702101733657,1.4088027356294446,7.258650449699994,68.25861504358586,62
1702101733716,1.1182762463337665,7.220857778689438,67.65139569635333,61
1702101733812,0.8478423067237454,7.185604457477795,67.5216752467677,61
1702101733866,0.7413119335742375,7.121305981010071,67.50263198676907,60
1702101733920,0.7057409055704864,6.498697594806715,66.67580404007133,59
1702101734022,1.04758470577997,5.750151796313729,64.8889813943723,58
1702101734083,1.3932023674251668,5.342864160617099,64.55335942975307,59
1702101734137,1.8186847852582648,4.8150543040426905,63.64752680637373,59
1702101734190,2.2308730401403234,4.375370351397318,63.12251811667354,59
1702101734246,2.5779228119337536,3.951037533924905,62.77088246798431,58
1702101734316,2.839405141652539,3.6050869061986766,62.34731356557355,58
1702101734381,3.0373728821203567,3.231405093676133,61.75746304173964,58
1702101734436,3.2372417700153275,2.8437320181732697,61.2067000323882,57
1702101734512,3.3219910684857417,2.6863726682446796,61.24472790257559,57
1702101734572,3.4057390446267295,2.416368464244312,61.355642613846214,58
1702101734651,3.3679124132267013,2.1676484219207213,60.89672096917,58
1702101734709,3.3100939767773006,2.091014791007068,61.355893301414405,58
1702101734765,3.2098761351751874,2.0705467334330785,61.706429391425424,58
1702101734842,3.1008369462284455,2.0767186899261114,62.08828859208198,58
1702101734902,2.9889950264038783,2.0856153140870335,62.317625134981135,58
1702101734962,2.793635349414492,2.0275985170506905,62.04682262996888,58
1702101735035,2.6731445276801558,2.0071303714954842,62.24704176190401,57
1702101735103,2.586742053990088,1.9197311947932443,62.25692745444235,58
1702101735172,2.4929566965581835,1.8318683373472373,62.365075557220486,57
1702101735235,2.4441515474856224,1.7131749951362134,62.10087869135633,57
1702101735294,2.4103373196429656,1.6151561344410084,61.353549079804374,57
1702101735368,2.4029059388685154,1.5139475561561864,61.6034975515244,57
1702101735427,2.4021569471458215,1.2308800591036435,60.80449414181214,59
1702101735502,2.4328313864874316,1.024400023236044,60.92592322997307,56
1702101735560,2.4572168010570645,0.7675982355792389,61.29093284485871,56
1702101735622,2.499744165007165,0.436838399827188,61.36702370316499,56
1702101735697,2.5329205035278948,0.07986713783882857,61.18614509594951,55
1702101735757,2.5485200930608087,-0.24939716413051202,60.94585419825677,56
1702101735834,2.5989438415480555,-0.5414084963521012,60.84705349557417,56
1702101735892,2.6547835035910974,-0.6646395496495229,60.841377098752766,57
1702101735954,2.7524099333557226,-0.9068763043220205,61.75244402382943,56
1702101736031,2.771658871433391,-0.9454249443301522,61.34471716064722,56
1702101736092,2.9400522579043384,-1.2706263732034608,62.17224213329315,56
1702101736149,3.030913375298908,-1.4436059622476027,62.80010923664601,56
1702101736221,3.077099470919509,-1.7856330880258402,62.50312658259026,57
1702101736282,3.1548931384212864,-2.0937959872104748,62.288013698089955,57
1702101736355,3.216063212610396,-2.111602505109454,62.658996001676805,57
1702101736417,3.263088480647537,-1.8252203985479225,63.16461275932902,59
1702101736475,3.070112083820382,-1.0500327099856754,62.93483807346961,61
1702101736552,3.0054700758798516,0.06666056321176916,64.37321776589253,61
1702101736610,2.699056406012351,1.5055752516747611,64.67745150160498,61
1702101736687,2.4044949494959105,3.003442721234291,64.79726116444809,62
1702101736747,2.0497759428678046,4.537600519827944,65.39786500312745,63
1702101736807,1.7933423326326872,5.906182651146346,65.72825638471606,63
1702101736887,1.5397297208079819,7.149410865128226,66.1337117674633,64
1702101736944,1.216235204315113,8.221446558952941,66.35228167836327,65
1702101737020,0.8928226403844144,9.138497817446005,66.28213652131302,65
1702101737079,0.6345633352367703,10.286939520086536,67.60285333156608,65
1702101737173,0.43014633702255123,11.043605548647289,67.63013565223126,66
1702101737226,0.36919082128147823,11.638760398184468,68.7485454504642,66
1702101737277,0.30990246248998776,12.19194934862546,69.40696728639011,66
1702101737348,0.11423412797109363,12.620750889958643,69.7301731665864,66
1702101737423,-0.18328601381404844,12.866192252220193,70.0423277729605,65
1702101737481,-0.16824820372625918,12.957710117387565,70.28313169503926,64
1702101737556,-0.2749942307224395,12.994756198782037,70.07210493134377,64
1702101737610,-0.4726688149542267,12.887680901892818,68.9656704623602,64
1702101737676,-0.6073406624523727,12.916859373195368,68.65767761632729,64
1702101737737,-0.9273498276432435,12.778118551762978,68.18134469213233,64
1702101737813,-1.4722493615656331,12.666402877044659,68.15869116574567,64
1702101737871,-2.1365164295541943,12.858117327649747,69.22936983131449,64
1702101737952,-2.7180004340656985,12.587446173426805,68.9883265664037,64
1702101738006,-2.7882843532039354,12.852920825363135,70.44454840252558,64
1702101738070,-2.5927370830702743,12.529505821383074,68.59942431542359,65
1702101738141,-2.2422923521616656,12.543152979719215,68.67242787115212,66
1702101738200,-1.7292137616138048,12.250064282314831,67.3167593666363,66
1702101738280,-1.488128730844978,12.320889891763676,67.7781489510553,66
1702101738334,-0.883775652504063,12.5619962535213,68.6945138121757,66
1702101738399,-0.03645181394654042,12.434756384054024,67.79421270054205,66
1702101738471,0.17194802024980582,12.600122738917989,68.69202182153857,66
1702101738532,0.7088618601043253,12.58837652492723,69.29276628803801,66
1702101738605,0.9723640847747268,12.533066361454715,69.2899793338522,66
1702101738665,1.4280059222835888,12.610160554112154,69.90944744707389,66
1702101738743,1.826287430875358,12.631510838793647,70.10048073721293,66
1702101738802,2.30445342768232,12.57957199779993,70.0230930480382,66
1702101738860,2.7631730181058973,12.479939198998554,69.75978437521039,67
1702101738936,3.1197566800492704,12.459209031667896,69.78686671090169,67
1702101738997,3.36510444080935,12.474810062724117,70.03031857127671,67
1702101739078,3.4625957224062547,12.319397876568432,69.30791293177053,66
1702101739131,3.5184041051310757,12.363553335740793,69.582756298317,66
1702101739192,3.5457865863455087,12.40033359218654,69.90985286820664,66
1702101739270,3.4523397786702454,12.26726657843422,69.39448477065137,66
1702101739342,3.465834951477046,11.823600360654517,70.23177654337985,65
1702101739402,3.893156665313283,10.732817983128392,70.62815697722726,63
1702101739463,4.587316983222091,9.514377504022232,70.27545942070056,63
1702101739520,5.124605381404002,8.316695796371862,68.97577944340586,62
1702101739603,5.445192548991927,7.080175667007004,68.0482736840232,63
1702101739664,5.626335620965269,5.851931132637339,68.48455894134159,61
1702101739732,5.694197946203422,4.614248215685167,67.70871615873611,61
1702101739791,5.766538091953326,3.4649790256988924,67.27760393266973,63
1702101739871,5.6772367701931,2.3095767422612172,66.42857394705865,61
1702101739928,5.643196866479767,1.3666262641937488,65.94262043812567,60
1702101739989,5.5306562469532485,0.7173076119713837,65.46448451620266,60
1702101740080,5.56601717765937,0.353686035893319,65.93989846587081,60
1702101740168,5.53133584393936,0.08105526298421753,65.34928988980627,60
1702101740246,5.547988702971313,-0.0879287948083717,64.54277462945737,62
1702101740304,5.638699791837621,-0.2119588486704074,65.73480902258709,61
1702101740366,5.511300015964809,-0.14739227572733382,65.63520407392745,62
1702101740416,5.568898879003404,1.115325640418272,66.35894155163707,62
1702101740467,5.472332418024291,2.4360830951537538,66.27074443227565,64
1702101740527,5.294790694201832,3.9815294253700815,67.03301627224351,64
1702101740584,4.887569556123271,5.670541154907199,66.48852557366895,65
1702101740646,4.738676171382905,6.796458986018095,68.5583891183396,65
1702101740738,4.294576913384821,8.461244772883331,68.99804268062442,66
1702101740815,3.9273416232530494,9.798277970911109,69.4819636379515,65
1702101740872,3.745942045238287,10.343896412513818,69.39130526539111,66
1702101740925,3.4580103468537304,11.167117354067752,69.36392689928923,66
1702101740976,3.10328471366981,11.964774022705148,69.33292222293,66
1702101741052,2.8508812009224767,12.275788701664844,69.08948594926113,66
1702101741115,2.6578169053352205,12.724280316382611,70.03863776305964,66
1702101741186,2.4357786028233503,12.780216591123965,69.24780490256477,65
1702101741266,2.3887039232339666,12.882745912169769,69.46603433388067,65
1702101741323,2.2737908779386213,12.845832247419773,68.8425691547403,64
1702101741382,2.212809789850169,12.824559346750917,68.71674541545126,63
1702101741442,2.191233902271734,12.716095494600532,68.5919160019446,62
1702101741517,2.5262220789925705,12.269504707259532,69.18401014436134,61
1702101741576,2.7941363135785617,11.339201457892518,67.09424786567897,60
1702101741654,3.031207395263173,10.901814796956536,67.12589745132044,58
1702101741713,3.487261321901217,9.461304492085603,66.20735560867797,59
1702101741787,3.8048992842824267,7.48106583905301,64.52057745121714,57
1702101741846,4.143074092457377,5.452775416379794,63.818798782822405,56
1702101741908,4.280824640261252,3.5642201502967024,63.758236450540714,56
1702101741971,4.300037285651412,1.8895585116518328,62.414226821659085,55
1702101742044,4.224569143688158,0.5994700178004928,61.55531204414112,54
1702101742105,4.23086982477057,-0.1028556499991533,60.17393400911386,55
1702101742180,4.17002866351246,-0.6173401370819432,60.36965715487367,55
1702101742236,4.1332990502954345,-1.12287112426168,59.71082353585063,54
1702101742297,4.188141449917971,-1.555013521934484,60.75356701622583,54
1702101742371,4.0783736229349525,-1.6850695403713027,60.585710746716316,54
1702101742431,4.0957570197476745,-1.8490841601366295,60.78317924977805,55
1702101742511,4.060576277874124,-1.980623944942777,60.80958807537213,55
1702101742581,4.044527727097722,-2.088067901808578,61.33517120717653,57
1702101742631,3.748828087031543,-1.8620250479643183,60.89878238892788,57
1702101742702,3.3992630010077933,-1.1134697269784701,61.30202422939209,58
1702101742766,3.1263788853826244,0.19898437192633098,62.570857739706874,59
1702101742818,2.598529850405234,1.928149639833963,60.09389432879762,60
1702101742899,2.52943021949191,3.4104958249766417,64.94100898015289,61
1702101742954,2.52943021949191,3.4104958249766417,64.94100898015289,62
1702101743043,2.4994891766355707,7.588651616510017,65.01081271508723,62
1702101743099,2.085566710664333,9.266921126069155,64.99112692652466,62
1702101743166,1.542771519308672,11.080461605346743,65.33960637824266,62
1702101743224,1.3618816850142312,11.715690857853504,65.3370465929022,61
1702101743303,1.1441740881198939,13.226578178738976,66.51856253277786,60
1702101743364,0.9984437368593727,14.462242084290958,65.96375663533817,60
1702101743422,0.9399743685575557,16.274990556468822,65.36766029646427,59
1702101743496,0.9127367013347707,16.727476452812173,64.98206605111189,59
1702101743555,0.6739171397323743,17.411397213694624,63.9715171621005,60
