1702101802418,0.3836773502464092,17.822630175538965,63.90374481776909,52
1702101802500,0.08731414173922297,18.2149594181355,64.55785407995648,52
1702101802553,-0.13320441853585346,18.09784507736508,64.18395235601267,52
1702101802614,-0.45068033555477865,17.597602327732996,63.70355211183843,52
1702101802671,-0.45068033555477865,17.597602327732996,63.70355211183843,53
1702101802739,9.916288022990704,9.963579102830709,57.08129821981658,53
1702101802809,9.844031359039892,9.928529699453597,57.04609718489753,53
1702101802868,9.80455511228184,9.957893989931838,57.68249680478877,54
1702101802941,9.682946085441278,9.900322724102312,58.04531899302441,54
1702101803001,9.68607816344123,9.852776670514027,58.388839616079196,54
1702101803063,9.779875502184257,9.840120769601382,58.595517899934315,54
1702101803141,9.884641424476543,9.81141016760224,58.863694549698394,54
1702101803200,9.945189682319349,9.674913758173892,58.23095112546928,54
1702101803338,10.206530109148101,9.901936211127522,59.02015476105771,54
1702101803392,10.088366431362234,9.992297923363074,59.36063333593874,54
1702101803459,10.032208567391041,10.043726015707549,59.51788408873499,53
1702101803529,9.9381266518082,10.018792776074324,59.19845624593999,54
1702101803602,9.924199421571451,9.945245729203867,58.22006002353348,53
1702101803669,9.942959902581917,9.901537088548276,57.96818476967721,53
1702101803724,9.90158665361867,9.843879599588771,57.673059775785674,53
1702101803783,9.84586536654031,9.870122770893163,57.72583166278824,53
1702101803857,9.70644150209779,9.87006886954437,57.673257810730696,53
1702101803918,9.723913498737943,9.84157297664494,57.45087967304746,52
1702101803997,9.63759872642672,9.805777588805856,57.29149742705668,52
1702101804055,9.517795645318538,9.70342979239663,56.66373688029067,52
1702101804146,9.462104651915329,9.607254425319399,56.145541438740246,52
1702101804200,9.638301451229967,9.465651430983513,55.88059162161965,52
1702101804274,9.91948598413503,9.309920485159244,55.748269742396474,52
1702101804332,10.421386213146993,9.314643655280557,56.475523427914524,52
1702101804399,10.72860904415664,9.163836807578237,56.6014904614482,53
1702101804451,10.766262165666804,9.01634198734226,56.2011570875959,52
1702101804505,10.785579453511392,9.007609969418697,56.246873905159006,53
1702101804577,10.827009997808672,9.096302314488144,57.22304414246992,53
1702101804647,10.617602073818553,9.11069316032615,57.41501286513756,54
1702101804700,10.201221066192803,9.018946987390388,57.5073445478168,55
1702101804772,9.894438840285359,8.976441105371999,57.84761168348372,56
1702101804833,8.741963384651811,8.8959613345316,58.57958249284885,58
1702101804908,7.4614290583593865,8.886235400042914,59.1915278886671,59
1702101804968,6.749439832182442,9.054284596485667,60.85832008046453,60
1702101805027,4.4236199432198005,8.846771580294053,60.26820950968556,61
1702101805103,2.031297345023248,8.469256972555382,60.282311421202145,62
1702101805163,0.0012109645536516034,8.291991286340007,62.75588517834349,64
1702101805243,-1.8569707430745228,8.497558686334887,65.47344251128189,66
1702101805300,-2.945340043441438,9.166063797344684,66.11791049949521,67
1702101805371,-3.588488612361948,9.64116610922037,67.73014849265216,70
1702101805439,-3.854397737449073,9.76947393292545,68.16935074650512,72
1702101805509,-3.8396902357345253,9.94624482075801,69.7629289381756,74
1702101805586,-3.3012343724094926,9.754255074552098,71.07142972446462,77
1702101805643,-2.6629481390898753,9.398603057981084,75.09584429059358,78
1702101805705,-2.146675565423881,8.680965586287105,77.53749221161462,80
1702101805761,-1.75476056569184,8.048412352035399,78.19359928989445,81
1702101805838,-1.9460595714429898,8.602164612888073,82.38465904040345,82
1702101805897,-2.1603798295797927,8.864428280658933,84.06186645103861,82
1702101805979,-2.7211438596747186,9.28148226797627,85.7550301954654,84
1702101806033,-3.812668708453744,9.440294568770563,86.78622649783837,85
1702101806113,-5.159340010268844,9.541600547458534,86.69006036340839,87
1702101806170,-6.859172517231228,9.563580692325013,87.79175377312257,87
1702101806243,-8.652431722160301,9.54764128610581,88.82957943458706,88
1702101806303,-10.679654467043731,9.4968484770611,89.90521210485677,89
1702101806380,-12.834152752729235,8.939293388723216,87.04826723349929,90
1702101806438,-15.426523206923795,8.675318661006404,87.13654639952092,91
1702101806513,-18.696501297424334,8.734354259284057,90.75866641135305,93
1702101806575,-21.4057399996162,8.372570379745806,92.66514709290804,93
1702101806653,-24.32749771684536,8.52511162944638,96.79979545004335,94
1702101806707,-25.838998486536685,8.631421734274051,97.19592623039284,95
1702101806784,-27.296630066686394,8.806258851159479,98.49776430239747,95
1702101806842,-28.40102826207411,8.924959870929927,98.87771011425987,96
1702101806917,-29.541252832883686,9.306345214636172,100.53168187392689,97
1702101806990,-30.22450373975771,9.389939983783977,101.02938453441018,98
1702101807054,-30.62988030994184,9.388466339964205,101.29506542269482,97
1702101807125,-30.52883505845629,9.342038078714769,100.96174310288262,98
1702101807190,-30.78237504028744,9.364382045215672,102.12371889419633,99
1702101807268,-30.200134749484203,9.064039435316214,103.72852764948784,101
1702101807325,-28.55872995590242,8.7030849006953,102.58243512267467,102
1702101807400,-26.311467207017337,8.616543149452777,101.51611934276268,103
1702101807471,-25.92399556963632,8.831755477033793,105.1011516577806,104
1702101807532,-21.160069061857186,8.3638299035721,102.29219950388764,104
1702101807608,-17.671174251438877,8.472340073219849,102.83048606391691,104
1702101807667,-14.753429421286086,8.456810856043838,104.38763964424002,103
1702101807746,-12.266802019104324,8.667254996691758,107.0738642432012,103
1702101807821,-10.142858291023865,8.952227586763712,107.00219534132202,100
1702101807876,-8.419662210988534,9.140987796676912,108.79150515153243,102
1702101807937,-7.0109125884258106,8.82948635937004,106.15511724781672,97
1702101808017,-6.359900718137961,8.87295845662983,106.73117447322406,98
1702101808091,-5.72754962361129,8.65905156299633,104.63892555957962,97
1702101808148,-5.278994088977941,8.635355043021386,104.03693546280294,97
1702101808228,-4.823861247857544,8.914622790996026,104.01190302136746,96
1702101808283,-4.385352411741268,9.069378402536815,103.04128482457703,95
1702101808358,-4.147730354432792,9.238114100851694,102.71736922097911,99
1702101808421,-4.038901882896324,9.294980836866452,104.31077744792582,94
1702101808493,-3.831472142046134,9.785470892958713,103.90843086893456,96
1702101808556,-3.540033261207814,9.793418854912474,102.30794517264037,95
1702101808628,-2.8931735836925823,9.507268807322061,99.56957319525188,94
1702101808689,-2.0527851590170614,9.478752543952519,100.5905034464604,93
1702101808767,-0.8157319455513313,9.350021791658557,101.67279814514767,92
1702101808825,1.0887763012586522,9.129088193185115,100.44107355816251,99
1702101808901,3.117140507054901,9.03307794032209,97.46672041694643,99
1702101808957,5.884607078462587,9.075312634961161,98.1600222207386,92
1702101809034,10.042521471022358,9.208079916006618,103.17155990202633,91
1702101809109,11.537272147837522,9.202680922322699,102.81476022279169,93
1702101809169,13.845524700208669,8.786290407499292,98.70148830774227,91
1702101809263,15.72169148648917,9.425521119611716,104.59460149231053,90
1702101809317,17.787364669704736,9.373642989590165,103.69929648040144,91
1702101809376,19.394777668465764,9.406491407074592,105.73504910418418,92
1702101809440,20.028340327748428,9.227344663448063,105.54317844478823,92
1702101809516,20.79062556679656,9.189911256185017,108.36344068135259,100
1702101809573,19.600655176427185,8.646398622747453,104.96076079765385,101
1702101809653,18.31480523047884,8.49291720575825,105.23868931523279,100
1702101809710,15.561220367892831,8.139673170908754,102.52688551620868,94
1702101809800,12.23142923145815,7.858923222130067,100.50217946745067,98
1702101809871,8.777232805147923,7.384441921009989,95.91491900280816,100
1702101809924,6.030791410778426,7.523802889489168,105.24097648144586,100
1702101809995,2.69748225719433,6.723517284511437,98.09893843806043,102
1702101810058,-0.23216152420442812,7.024218224327662,97.45413772366575,102
1702101810129,-3.78225533494238,7.822285133304633,101.53425202213337,105
1702101810193,-4.811018490797636,7.988863289657427,103.87308712155664,107
1702101810267,-6.206151077168361,8.418053466514024,109.00903881854022,112
1702101810340,-7.181562939781631,8.200263203039436,109.10217743935627,114
1702101810400,-8.21801541335903,7.650045076855147,111.75306249769376,119
1702101810505,-9.112426073280782,7.4233383793121615,114.42241332048603,120
1702101810556,-9.5370300893553,7.107262033531299,114.56879118570694,121
1702101810609,-9.98992083249054,6.991197143858887,119.6365223378652,124
1702101810701,-9.898125077963096,6.972978219633419,120.05463884737878,125
1702101810789,-8.796101624383994,7.556923589219839,125.71260915160597,123
1702101810841,-8.278549902333658,7.631939087946107,125.5372906430708,125
1702101810940,-7.577307473116735,7.894074584155446,127.42101683637901,125
1702101810995,-6.950450483462543,8.172025979069264,128.9397530953381,124
1702101811048,-5.870134213910774,8.215393231503475,129.2195536392744,125
1702101811106,-5.478975143981832,8.257195209292368,129.55484886710636,125
1702101811172,-3.8609859864266243,8.502968704277324,129.3492851054181,117
1702101811254,-3.5002070354287236,8.372739503868665,127.97845075909655,116
1702101811314,-2.768980846116947,8.36410946183248,127.23258219701123,113
1702101811375,-2.4421119915178027,8.293148594702389,126.04147370105015,115
1702101811453,-1.8731332681359507,8.29568307494614,125.22568302437779,111
1702101811506,-1.5268130381113492,7.972302321299267,121.65455937916413,106
1702101811584,-1.5983475895741392,7.974655692693223,121.68660327747733,105
1702101811675,-1.9535850615146697,7.8476732989133335,119.04611508214275,101
1702101811725,-3.289531233662376,8.179011779697229,113.09884748355148,101
1702101811825,-3.784664141595431,8.255170116980144,111.66576749330301,100
1702101811877,-4.902935140252306,8.089710437395604,106.3852342834857,98
1702101811930,-5.347297795607836,8.216895375843835,104.76807953651753,100
1702101812064,-5.110264746879401,8.197445927043294,102.97417296056719,98
1702101812123,-4.8181971108068105,8.128495791040216,102.34055704653431,98
1702101812204,-3.9283033310391957,8.256687845491161,101.98121330067754,98
1702101812258,-2.8652532188965263,8.323268188946345,101.30337224858457,94
1702101812340,-1.4780168920770134,8.886122354970725,103.42835082557495,95
1702101812409,0.438088419567229,8.88733722918626,100.03174304687423,89
1702101812486,2.521839267245164,9.059931248941545,99.25888823248951,92
1702101812541,4.54796408716697,8.552701995911672,93.3528526570053,92
1702101812604,6.447433075660668,8.437430702673948,92.22551335742303,90
1702101812692,8.933013870965743,8.739552651101164,94.79049285953826,90
1702101812743,11.005053953075425,8.83440242602022,95.70098736452297,89
1702101812812,12.354895077133529,8.742248637682662,94.35051963822298,87
1702101812889,13.266382971299793,8.542298695142673,92.31827313202682,87
1702101812948,14.525922605172921,8.422796144362438,92.13011455333094,86
1702101813008,14.805586814892347,8.276899539781292,92.02195833352533,78
1702101813099,15.11201147451129,8.19313055538666,91.98342865214151,87
1702101813150,15.132598776927834,8.170349231315132,93.64502028317926,88
1702101813233,14.691005087060242,8.14734015627814,93.10315669805803,88
1702101813286,13.803122157891865,8.163374921448968,92.96557743890058,82
1702101813353,11.89243826689608,8.0060467415593,92.73623386625775,84
1702101813415,11.098001538925784,7.93847961598707,92.21096555604298,84
1702101813488,8.652772194448682,7.825546935792123,91.54855937285446,89
1702101813548,7.42508882598081,7.651951341119176,91.48837212409904,89
1702101813625,4.854402208052022,7.265184039592288,90.80227535079783,90
1702101813682,1.2269759302416356,6.698337381902388,85.82753105172613,90
1702101813760,1.2269759302416356,6.698337381902388,85.82753105172613,91
1702101813821,-6.785930148393794,6.038675897934789,78.17054739870747,92
1702101813893,-10.053160279449575,6.543555709381913,78.90876292450508,94
1702101813956,-14.79014006406478,7.284360876432563,87.97844255891624,95
1702101814029,-19.86542664291291,9.382503667570708,104.45911152116165,97
1702101814096,-23.27002348697976,8.676164443461166,96.35399252345495,98
1702101814161,-26.369403047595988,9.452327754595494,99.32291694123504,100
1702101814224,-27.09618370444829,9.355323999596846,100.58733000679852,103
1702101814301,-28.884905328988893,9.494342689044132,103.7120877000225,106
1702101814374,-30.1091158056152,8.976982861527322,106.8853242285514,108
1702101814433,-29.945523152251607,8.852970844507997,106.21003695005493,110
1702101814506,-30.567685255421498,8.543637113227087,108.78319182000008,112
1702101814573,-30.845501428176124,8.106362373821263,111.4316808931464,115
1702101814644,-31.506717665087383,7.385637251703105,115.7417315340989,117
1702101814721,-31.853934992971865,6.908522645428026,117.94336544017054,120
1702101814779,-32.89614675603657,6.097370419517918,122.68804998555188,122
1702101814852,-32.66769229123969,5.697662368434885,122.07150785906583,123
1702101814931,-33.38294519899237,5.101126701123384,125.2099323021523,124
1702101814991,-33.436560887840514,4.9672309587671215,125.3697138529402,124
1702101815065,-34.49716214331799,4.81023466180206,129.48206386950727,121
1702101815136,-34.882571042729815,4.831525663273926,130.4361344423329,119
1702101815200,-34.676931840974774,4.620737948082425,129.65224636707256,116
1702101815271,-34.184151180993226,4.541724569820087,127.88268221302769,113
1702101815332,-33.70209632017122,4.577638453193635,126.46660078817685,109
1702101815408,-32.6515467109067,5.383898362010768,123.99787377926668,107
1702101815487,-30.996248224207108,5.924844161170442,118.97840601357031,104
1702101815543,-29.32827160169485,6.199790402309214,114.56233133948399,104
1702101815619,-27.812028102681193,6.812500708564902,112.62463939486184,101
1702101815681,-26.302085306070406,7.764646653955602,110.77089820475548,100
1702101815753,-24.563504163676146,8.322970279433719,108.32598881275842,100
1702101815827,-22.370745315740383,8.264733822263743,105.04684585589258,100
1702101815947,-17.252591610306464,8.246717750672579,102.42229155853396,98
1702101816022,-13.474673263872042,7.959889006585862,103.15506911294256,96
1702101816111,-13.474673263872042,7.959889006585862,103.15506911294256,99
1702101816192,-13.474673263872042,7.959889006585862,103.15506911294256,99
1702101816240,2.202662041529438,8.501380203775105,101.31550006542496,99
1702101816290,5.609022561160899,8.120395367549527,95.05374875334306,97
1702101816388,9.686787905415285,8.192489504497745,98.11710547052816,97
1702101816439,11.958042852950301,8.47203856825818,101.9949389560862,90
1702101816505,13.301353138459286,8.035250597269343,103.12530111948755,89
1702101816562,13.658584984241523,7.709430961037552,102.53054514206339,87
1702101816641,14.154756273721683,6.256549894489385,102.7987923045558,86
1702101816695,14.226760169506711,5.6498916227726586,103.3776597395897,94
1702101816772,13.866311806838025,4.313435952528086,102.54898977308044,87
1702101816835,12.808638129172087,2.765760085260668,98.84500050796804,81
1702101816906,12.402531926291406,1.5581831452619437,99.54736395806145,97
1702101816968,11.918459006536619,0.7099222455295032,100.25795569221114,97
1702101817043,10.861342264866778,0.25242129979327,100.46799525235409,96
1702101817105,10.46022135868668,0.31281264212547877,100.26786810812777,84
1702101817176,9.953010374043066,0.33010951814789286,100.47622520240043,96
1702101817238,9.820128684831063,0.2641417604175954,104.77630035372542,92
1702101817313,9.014652967734461,0.03976266493005243,103.46846994671802,99
1702101817390,8.875021787934523,0.18135961857806776,102.67273775779903,102
1702101817447,8.771193117450737,2.3941679583378375,110.77235910248005,103
1702101817524,8.413096208134618,3.593203709730274,107.63162639570612,104
1702101817581,8.413096208134618,3.593203709730274,107.63162639570612,105
1702101817660,8.413096208134618,3.593203709730274,107.63162639570612,105
1702101817767,8.413096208134618,3.593203709730274,107.63162639570612,105
1702101817819,8.413096208134618,3.593203709730274,107.63162639570612,103
1702101817862,8.413096208134618,3.593203709730274,107.63162639570612,102
1702101817923,8.413096208134618,3.593203709730274,107.63162639570612,100
1702101818004,8.413096208134618,3.593203709730274,107.63162639570612,100
1702101818084,-8.506591468442883,9.268911933109413,96.49340866878005,100
1702101818141,-10.189886012627994,9.569201688553763,102.11374967117749,99
1702101818200,-12.243488123221942,9.544465852556133,101.58062188279341,98
1702101818272,-14.012638907154118,10.10184690369548,103.26960173729371,98
1702101818334,-14.359936268563763,10.120088891875318,102.85181727401007,97
1702101818414,-14.272472468077884,10.154973196734298,103.02260928676397,96
1702101818485,-13.805560194248228,10.152351223304395,104.15555823871561,95
1702101818564,-12.834310937947544,9.747588866693379,102.20698515621982,95
1702101818633,-11.982020770823112,9.538065469795473,101.58537535768528,94
1702101818686,-11.016666995648444,9.24076840038789,100.0765179500336,95
1702101818769,-9.761105299065397,9.678010314176516,100.4744899269354,96
1702101818821,-8.751689738315706,10.690275563488997,99.17718014658641,95
1702101818887,-7.9820335882248905,12.101146863043391,100.29849629352329,96
1702101818948,-7.197798691660705,13.52542848830756,99.0200410042926,96
1702101819027,-6.891221942970529,15.641261245567994,101.19620286922519,96
1702101819090,-6.47305086649514,17.563983983411052,101.20424023413214,96
1702101819158,-5.795137127923348,19.36510388817071,101.95804873946804,96
1702101819220,-5.269752157929697,19.825215938674518,99.93227797613919,96
1702101819292,-4.183375626730756,22.003965984268923,101.07998015207325,96
1702101819370,-3.840264890571574,22.554296400646155,100.9795032391904,96
1702101819427,-3.0644596743750685,24.162315801413573,102.41650783405048,95
1702101819504,-2.90763999360903,24.08966016257917,101.18800978043096,95
1702101819565,-2.821204204358392,25.35099682226497,103.53807805424114,95
1702101819644,-2.941690700080384,25.52040703979834,102.02523860353821,94
1702101819697,-3.0064484781113543,25.0852916877102,100.37378922868108,94
1702101819775,-3.20599543048051,24.31596028104066,100.88389822761643,95
1702101819835,-3.477394132767812,22.883735044264355,102.21346377548602,95
1702101819910,-3.8759396846501004,20.555446363453463,102.58681473457435,94
1702101819967,-3.8759396846501004,20.555446363453463,102.58681473457435,85
1702101820051,-3.8994596477918875,14.609247838680416,100.95604438180315,93
1702101820105,-4.128192692786803,11.535733740333315,96.24894377400149,94
1702101820181,-4.768003920229552,10.085175857264966,98.3249887644216,94
1702101820237,-5.547449678248707,9.09433690235787,96.83480103988042,93
1702101820314,-7.052586789760186,8.226007656738316,97.95996070895569,93
1702101820451,-10.964989868932221,7.860260796283472,96.64009643884668,94
1702101820523,-12.855307058190666,8.093108630302526,95.29416542692142,94
1702101820581,-14.86170346309595,8.480203140454874,95.92914966858564,94
1702101820657,-16.75553949699855,8.619677136057744,94.86305799357243,94
1702101820718,-19.496613742765238,9.07759574205808,97.55458579396763,95
1702101820792,-21.814873603495247,9.487277659247452,98.61919160183353,96
1702101820857,-24.20909298223827,9.881046430615202,100.29675204130696,96
1702101820928,-25.72572573006627,10.066408165771993,99.51586686458413,96
1702101820990,-27.570915334340484,10.269901142330879,99.94055090608602,96
1702101821064,-30.062204152342208,10.56955945223911,102.57425828634993,96
1702101821154,-32.06010149573459,10.644935727518085,103.88047400307859,97
1702101821245,-33.35315548186724,10.603744128694867,103.4696299580586,98
1702101821305,-33.84952301296381,10.319745284630114,101.57737775280548,97
1702101821384,-35.01414018492336,10.4254214337837,102.98619132398379,98
1702101821449,-36.48199932652775,10.47654585084094,104.99713337505473,98
1702101821500,-37.004727716976724,10.295998945304488,105.10170852252519,100
1702101821553,-37.21048699926221,10.23120655692054,105.21346809730193,99
1702101821608,-37.070523698738235,10.215088839936097,104.92020446491328,100
1702101821693,-36.57478196265419,9.880748094570059,103.94570177497943,100
1702101821742,-36.271561058386354,9.627904111467842,104.53753516431114,100
1702101821812,-36.126298980100685,9.559125516201915,105.03577831735592,101
1702101821893,-36.050991634560894,9.637393370874161,108.361429453029,100
1702101821949,-33.55146216848381,8.99812415418375,105.4209973110128,100
1702101822028,-30.666128440364467,8.30742946988093,102.94466707193799,99
1702101822088,-27.693811146757998,7.875809451366376,101.48705193235014,99
1702101822160,-24.224005570349117,7.305661379485707,101.0759333954935,98
1702101822214,-24.224005570349117,7.305661379485707,101.0759333954935,98
1702101822296,-11.251362977954333,6.6040333534415305,85.49297242936146,95
1702101822352,-7.2303528184241115,7.398019343232152,91.06407382681289,96
1702101822428,-7.2303528184241115,7.398019343232152,91.06407382681289,96
1702101822483,-7.2303528184241115,7.398019343232152,91.06407382681289,95
1702101822565,3.203190704728038,8.21130027088817,93.61510300817464,96
1702101822625,5.07593769591289,8.704966132535118,97.95201479039271,96
1702101822699,6.198248304637177,8.990235578510223,99.88257996086654,95
1702101822772,6.4487395162471675,9.027585392072641,99.2184725739654,95
1702101822834,6.556783515974951,9.242608626535942,100.68153718481243,94
1702101822912,6.140839978487961,9.238145638865921,100.01288288517682,94
1702101822970,5.304284317032696,9.08117899513647,99.4302647084518,93
1702101823045,4.255800208505721,9.430631168600955,98.95939057720558,92
1702101823103,3.8363920847787862,9.336788320507141,97.32186935252514,91
1702101823193,3.047225428636626,9.455959795162942,97.70860128242518,91
1702101823243,2.0508777707727273,8.961945753060842,95.76699629852861,91
1702101823332,1.4476376927621877,9.27292384416727,97.14097329972891,89
1702101823408,1.4205931173928674,9.339225789670163,96.69488531533653,91
1702101823496,2.263981516405033,9.06244618040214,94.23540774435774,91
1702101823557,2.8349387781169955,8.782705477994549,92.46866515221858,92
1702101823625,5.409036420396787,8.378853998182706,91.06375936597179,91
1702101823674,7.609925515982092,8.26684546190184,88.73522383101289,91
1702101823724,7.609925515982092,8.26684546190184,88.73522383101289,85
1702101823787,14.901035986642986,8.608304701572406,89.2755577820645,83
1702101823853,18.124860591095263,8.77162020674192,91.78044394332814,83
1702101823917,19.72832045578422,8.934482597523614,93.26061418215897,92
1702101823989,21.573520418204417,8.959302932072362,92.9717707574479,83
1702101824048,22.981074175881243,9.264435506691953,95.55356976424467,84
1702101824123,24.10784126109199,9.180347816354663,94.61241496746595,84
1702101824184,25.000738358367954,9.38320251306218,96.38319266413427,85
1702101824262,25.024372806023955,9.338457407189187,95.76163487661061,86
1702101824318,25.10310816339008,9.368769822320212,95.82159548105004,84
1702101824394,25.375476019297764,9.464448526564748,96.30585914948047,84
1702101824457,25.156389532456178,9.379118142653963,95.40450917898274,86
1702101824526,25.655062462547797,9.479813274815681,96.79084458547499,83
1702101824587,25.868849902455047,9.498102551061615,98.20305667672373,82
1702101824664,25.871825787899407,9.474493273166203,98.9250665379212,84
1702101824724,24.787155550397838,9.231651882819055,97.06115659029552,91
1702101824802,24.250064228350528,9.119123817276188,96.6609551980159,84
