1702101832388,23.960187351734987,9.20288923209535,97.39126519567849,70
1702101832464,23.2705975387121,9.061642586900481,96.09145296794391,69
1702101832523,22.842764547418888,9.069519390713808,95.72739400434793,69
1702101832598,22.851756248505115,9.167493302256801,96.76499710172492,70
1702101832658,22.851756248505115,9.167493302256801,96.76499710172492,70
1702101832738,7.696448806047604,10.46463178474612,72.51991193634895,69
1702101832811,7.793117620384985,10.474417782512685,72.80416847969717,69
1702101832867,7.989901116041081,10.478257749357867,73.15067960546317,69
1702101832929,7.977903295009011,10.412452759387502,73.11878552651758,68
1702101832989,7.391871180637849,10.391800492958819,73.73444914879407,68
1702101833065,6.453024785867537,9.701578747774642,72.5078629569557,68
1702101833123,5.507786207313724,9.792588905098805,74.38684683458602,67
1702101833199,4.9608789246692995,9.747884087447819,74.32822980274845,67
1702101833257,3.723987391363629,9.369467797117547,72.60383387471339,68
1702101833319,2.9236455748301977,9.295414584956399,73.00761426156089,68
1702101833394,2.306144952101726,9.22729785666836,73.13722296780388,69
1702101833454,1.67590663347634,9.033299537764444,72.68765159562574,69
1702101833530,1.5374643976708917,9.120544131586009,73.29525009236401,71
1702101833590,1.306348081556046,9.098215703414738,73.54623851276261,71
1702101833663,1.013194807965912,9.014175775095483,73.15533739573641,73
1702101833726,0.6894502287017987,9.12778886628684,74.54705367435928,74
1702101833800,0.4748185244722378,9.295515615752802,76.13663126257246,75
1702101833857,0.3286259299442442,9.257305461137443,76.42149765872537,77
1702101833939,0.24792428396200689,9.355529971599967,77.9664892634331,79
1702101833994,0.24920811121703004,9.263235429587427,78.73743187912386,80
1702101834054,0.4777550425315582,9.258613125559286,79.98607754811728,82
1702101834128,0.7522873774102158,9.243414906797723,80.79974158189714,84
1702101834189,0.9969547286425519,9.302364125001441,82.41950074678947,86
1702101834266,1.3186610329296986,9.338455398717143,84.11567394244635,87
1702101834325,1.7226984263481666,9.430955719018003,86.84824104449875,91
1702101834397,1.904204493137435,9.389063796148488,89.11051525292133,89
1702101834525,2.0632558920982267,9.333129705939552,91.09019624587516,95
1702101834574,2.2203020525814288,9.29984362370529,92.49722959030319,99
1702101834624,2.31811654630248,9.31237547183581,95.77495927956062,102
1702101834675,2.4015168676792387,9.177530932720895,97.97818890409904,100
1702101834745,2.5795814568639135,9.16343971176392,103.39425787961108,108
1702101834805,2.439298304117803,9.293813821116633,107.27822084383212,111
1702101834894,2.2912563325551414,9.14227668011058,107.30636710201006,113
1702101834954,2.1246010916386844,9.287012463725652,111.69500709220073,116
1702101835061,1.991467775412293,9.332843635480664,115.8530412422297,118
1702101835117,1.8802144463909496,9.135090187461484,114.25102911808503,120
1702101835171,1.9047112570832243,9.238296249453235,118.37843660791795,116
1702101835222,1.9546203460124993,9.146644543541164,120.0349391108594,115
1702101835298,2.3673044999146304,9.134508559380006,122.28066472856541,123
1702101835363,2.785169200806006,9.150336981573037,124.61687720780064,121
1702101835433,3.0959245937207633,9.130874479912569,126.4920424393073,115
1702101835510,3.4166773374981787,8.99747004715945,127.56403060595864,121
1702101835567,3.6013422215289306,8.642597775013694,127.49868003091616,105
1702101835646,3.746689472154325,7.512902451309564,123.85925646948306,104
1702101835704,3.90297843816013,7.5516514305817335,124.95125199102485,99
1702101835780,4.715974400992703,7.497202122104344,128.39670978579605,97
1702101835841,5.289751503580306,6.633752105954635,123.23444748016075,94
1702101835917,5.883830197643885,5.341472945839961,119.25717875144966,92
1702101835994,6.216025964428228,4.981700256601196,119.19665880085347,89
1702101836065,6.9491807220324056,3.9415522316459595,113.74091701503365,87
1702101836127,7.308355082126862,3.7107010906967703,113.66928056925613,86
1702101836186,7.843857869348722,3.0954247808808075,108.34284233562224,85
1702101836241,8.083098881074122,3.0385027288973143,106.33960739157604,82
1702101836333,8.391560789099104,3.2076210244619476,106.1070989055369,81
1702101836386,8.510607793612627,3.398985897075795,105.30985148065234,80
1702101836455,8.444401821457609,3.7549652129842963,102.90923292683173,80
1702101836529,8.436120878325688,3.9346036994663827,102.42891028882977,78
1702101836589,8.184162540207915,4.6511384545624965,99.24676919725121,77
1702101836647,8.02633027358117,5.210845725397596,97.15473378479422,87
1702101836728,7.830664660448261,5.693230560536789,95.35000650561555,85
1702101836781,7.5298804519906986,6.116426203324502,93.43726838410538,83
1702101836860,7.086656610426249,6.580551138996595,91.6190280203559,81
1702101836917,6.9540355894487345,6.814228351139543,91.31789307166889,79
1702101837013,6.667264057501097,7.61379072988341,88.89771302799193,77
1702101837067,6.398992256156278,7.5535965827234754,85.35944904595351,77
1702101837129,6.263503419905056,7.945789998913184,83.08618650091486,76
1702101837189,6.209510318419909,8.03505449122182,82.41200333755293,74
1702101837264,5.632871452377063,8.325188984731078,79.63480288073427,73
1702101837324,5.371395117965603,8.886706781557235,79.06520204221813,72
1702101837382,5.007467098833667,9.272498092876498,78.01372100577642,70
1702101837463,4.795950110909822,9.30180728505787,76.58957970819404,69
1702101837518,4.50139218939423,9.601692817547976,75.53604838310761,68
1702101837592,4.31879609514342,9.903228630154656,74.80509909113768,67
1702101837654,4.263180669871444,10.003580996126692,74.15321491753237,66
1702101837730,3.7661992526156065,10.169280318819624,71.73906380249342,65
1702101837796,3.6503002524927157,10.29338699105709,71.95174568304866,65
1702101837859,3.221897487503846,10.47020058885337,70.69216688974404,64
1702101837924,2.9897585424745956,10.482219493924775,70.13400343095208,63
1702101837984,2.3380691934656097,10.17259252727005,68.97305416781113,62
1702101838057,1.8078137310608513,9.787528150250868,68.11241756447413,62
1702101838118,1.3647739086419086,9.390432751505292,67.90337901571355,62
1702101838179,1.1722780009162077,8.979726695884754,67.74783680645798,63
1702101838252,1.113048394263408,7.999709382556078,67.79029917531626,63
1702101838318,1.3759749122097338,6.856246856029453,66.59940143228836,64
1702101838388,1.6248343567307646,5.793389074928066,67.09776532575873,63
1702101838449,1.8909699702584788,4.873029999673038,66.71752578015038,64
1702101838524,2.2450483158236314,4.003517562465001,67.55038075611081,64
1702101838582,2.8759089277036263,3.168013424104884,67.55038007501426,65
1702101838643,3.489107315474749,2.5365960189289622,68.09223279280027,67
1702101838717,3.8033774483406892,2.0720921237127996,69.05381089075564,68
1702101838799,3.993361517689285,2.2353851559283697,69.51996331977118,69
1702101838851,4.222427904416432,3.1666953341593618,71.0121917488998,69
1702101838913,4.187278481998904,4.559140891549035,71.54155938007456,70
1702101838990,3.970643040561344,6.356551888861042,72.12730153997661,71
1702101839079,3.87449181955769,8.676455722568356,74.7795372083525,71
1702101839132,3.6850259842475186,9.795453737405628,71.91455890998178,72
1702101839185,3.7548907027507017,11.322372917500074,73.42224530821896,73
1702101839244,3.905887755906865,12.440862429064374,74.754467884097,73
1702101839319,3.8253323623186657,13.478328216039577,77.0752976497593,74
1702101839378,3.787380435743863,13.60518038319912,76.95786993116012,73
1702101839453,3.729582067021664,13.586025771664433,76.47903000451156,71
1702101839513,3.754912370596659,13.618320169030733,76.74582137129856,70
1702101839589,3.7318156656929533,13.09614630360699,76.36934946568205,69
1702101839649,3.70733261751171,12.128180223039669,75.99110357286463,67
1702101839709,3.6057646486760175,11.049539661853247,75.24011325325898,68
1702101839788,3.5984010418948804,9.639842513421655,75.59557056109938,67
1702101839844,3.623802528641402,7.776489663991684,73.8882816260345,67
1702101839918,4.011518190359655,6.095815396492348,71.94925263060645,66
1702101840037,5.367911972208452,3.4271544506180542,72.08709609910753,65
1702101840111,5.556845699339065,2.929460203350245,69.65255672499946,67
1702101840171,5.823372960207831,2.7851995601363484,69.66242281604424,66
1702101840248,5.93543717966943,2.790722416506009,69.32485801308337,63
1702101840306,6.0127636660510495,3.460735222357166,70.0419948559057,66
1702101840389,5.815775492187521,4.914245509078862,71.15511858653693,67
1702101840444,5.2627075645025885,6.567124906540453,69.09434540538005,68
1702101840504,4.971614529570843,8.432784457324356,69.00306240476793,68
1702101840581,4.823178904281952,10.341102206215997,69.89805317270053,68
1702101840637,4.7198003395101376,11.697168064883707,70.72416680795104,68
1702101840713,4.729417843407824,12.445935546915543,71.38387253131324,68
1702101840779,4.557020921824655,12.675782378133848,70.86379479684737,68
1702101840849,4.505840683983929,12.71385072279856,70.69765996629046,68
1702101840908,4.559404672418754,12.861092290305404,71.62499960352748,68
1702101840984,4.28260227263332,12.500746077375924,70.62671599421695,68
1702101841046,4.199706517025929,12.394765266355087,71.01936309693309,68
1702101841109,4.052509306060054,12.432335635796736,72.12808388526821,67
1702101841185,3.8949123585881984,12.180296448765812,71.18083750898805,67
1702101841320,3.158288289311744,11.693336249786492,72.94124690186327,66
1702101841380,3.1217326528037668,10.794384302802932,71.0146756317777,66
1702101841438,3.2359894007681507,9.687860006593969,70.27412007647519,65
1702101841507,3.5141461090518993,8.573448076921444,70.62306694199108,64
1702101841570,3.827755291211379,7.074829005726844,70.93346459627378,65
1702101841643,4.026553635061851,5.0021846587879,68.62373810779823,65
1702101841702,4.1676642087538385,4.519749684256325,68.97899097354731,65
1702101841761,4.2556851013651755,4.140070169192776,67.70256814315331,65
1702101841843,4.3044229662438855,4.105315664399664,67.92677841680309,65
1702101841904,4.335209080564871,3.9417114888747746,67.91144973224324,65
1702101841973,4.443978133314744,3.9150153292304615,69.02052683083672,66
1702101842031,4.450788737513946,3.881946386836943,68.7897576844522,67
1702101842109,4.540144371110358,4.065467278327645,69.1758395594222,67
1702101842167,4.427404434069141,4.732107265573825,68.97418349174694,67
1702101842226,4.201595664831501,6.044501860066267,69.9505559604306,68
1702101842304,4.015173574915836,7.83545990667036,70.39768357786863,69
1702101842362,3.6658795706370975,9.59219796496687,70.66593188347858,70
1702101842441,3.487249734881529,11.141084423107424,71.92012283157608,69
1702101842496,3.427121519464422,12.13590556003355,72.79076633667597,69
1702101842576,3.3467261187957247,12.648542831929497,72.9926321570291,68
1702101842633,3.2466826242028795,12.604625492217387,71.98644668708215,68
1702101842695,3.2910505697108894,12.692172729264938,72.48655570255134,67
1702101842769,3.0398537528637752,12.479102858359175,72.3369326817159,68
1702101842828,2.669378946805684,11.944793564976528,71.21576625096453,68
1702101842904,2.1187564705098976,11.633262182363765,70.97672439386547,67
1702101842964,1.3463420036176945,11.534570495765356,71.24351832543576,68
1702101843041,0.589470431864028,11.593807204280099,72.04426685938529,68
1702101843098,-0.41037739614445673,11.371733732165763,70.95599807291828,69
1702101843176,-1.5780052192356515,11.406800737443191,71.793261860536,70
1702101843233,-3.167981933465199,11.33282751405419,71.92867943535593,69
1702101843294,-4.958828612886328,11.294381105574999,73.03381616596636,70
1702101843369,-6.604974674937463,11.025385082486844,72.17724311258375,70
1702101843429,-8.244375233116614,11.045914168706526,72.95085948850837,70
1702101843504,-9.805796347291452,11.0437763113969,73.28160165645276,70
1702101843578,-11.606269132387602,11.17382670195699,74.52358025880841,70
1702101843640,-13.402158443862996,11.189808132535195,74.79887982793525,69
1702101843700,-15.332599856454998,11.174814263634012,74.95126188549337,69
1702101843757,-16.99054757352257,11.090783621236282,74.10687228972762,69
1702101843835,-19.040872838737805,11.203008638462435,74.81340683900815,69
1702101843892,-20.883781574394288,11.295849248137573,74.87283380551358,69
1702101843969,-22.74155305270427,11.308058017105596,74.99007739860951,68
1702101844029,-24.12613799813915,11.200458213230945,74.33138632679392,68
1702101844103,-25.307328130122425,11.210290166081839,74.0740706612931,68
1702101844161,-26.81894601175438,11.183116534136131,75.20897318561227,67
1702101844230,-27.66572624191149,11.420117691178543,76.39200693465409,67
1702101844315,-26.52905225814293,11.106735137524703,73.55488541977714,66
1702101844368,-25.390809991239326,11.0580272078686,72.36948694105483,65
1702101844435,-23.813452919322092,11.137747657431541,72.1931305535389,64
1702101844494,-21.117153027737135,11.042419911092606,70.50226000201542,64
1702101844558,-17.580933809157113,10.702532159911936,67.76799261956874,63
1702101844628,-14.652730220339727,10.551797718470482,66.94534634614236,63
1702101844686,-11.514558708852546,10.434672720616133,66.3444714797979,64
1702101844764,-8.489050720157888,10.243745658676628,64.92652822217252,64
1702101844823,-6.952846772083078,10.0196854480692,64.63599067023942,65
1702101844904,-4.395117312634126,9.91118609433568,65.06936863029864,66
1702101844959,-1.85814276451472,9.825250208460458,64.88493858216465,66
1702101845016,1.8238259842207083,9.664167684630364,64.61524717111898,65
1702101845102,3.452457578934588,10.079976381310685,67.30324162646244,63
1702101845154,6.867489953707024,9.93152170202006,66.20700287860095,66
1702101845231,8.190430286180153,9.899319173682192,66.49076103928547,66
1702101845290,10.508220755911323,9.877272442638324,67.09471557625065,67
1702101845346,13.186508912061957,9.880245770387354,67.29978974845042,66
1702101845430,13.829328770346734,9.881822342756,67.11104734949352,66
1702101845501,15.289295869669523,9.969984508476184,67.56361703902094,66
1702101845558,16.528907397729103,10.232815941442963,69.0812296347624,67
1702101845619,16.820047124232765,10.072446164890597,68.52612065254074,68
1702101845700,17.06504506584058,10.034179524212494,68.62603820867996,67
1702101845753,17.277392366186167,10.17260694721649,69.99722207672194,69
1702101845813,17.30638764922069,10.568148951671862,72.15240796425732,68
1702101845887,16.62352056933986,10.665139255994028,72.88423134578967,67
1702101845946,15.398975812027965,10.819359161220275,72.75943843533769,68
1702101846040,13.460430102350465,10.600664136185165,70.60318171185071,67
1702101846095,11.796455139349803,10.554769717858013,70.38974840700264,67
1702101846158,9.92226592870041,10.406907195267761,70.86633591607959,66
1702101846219,7.656296370846332,10.13274914946068,69.51130790696796,66
1702101846275,4.837763929881486,10.181233417125188,70.4358816801179,67
1702101846355,3.8736932039952108,10.183794682800889,70.6320405421882,67
1702101846429,2.1519640059956804,10.081196433343866,70.82570842483626,68
1702101846490,0.4908278644690167,10.067686977064318,71.29905305617321,68
1702101846549,-1.111030623875829,9.958511913697452,71.62807142199298,68
1702101846658,-2.570373185977249,9.556864574509344,70.27382360093755,68
1702101846706,-4.193594176357337,9.55020604171318,71.46788039684118,69
1702101846759,-5.805711489913051,9.553108023482737,72.3051709538182,70
1702101846819,-7.526542433313372,9.627001343720456,74.17074461881636,71
1702101846881,-9.75927550771209,9.652505346209855,75.46559134459217,72
1702101846958,-10.346298890586224,9.475780592058145,74.9111872692771,73
1702101847056,-11.694885351986374,9.518947230320117,76.75673090953498,75
1702101847115,-12.333808390190546,9.409850111826277,76.62775450168084,76
1702101847168,-12.690677663476233,9.587932988581223,78.223363751015,78
1702101847224,-12.515686034141133,9.695249645579167,78.97741065185387,80
1702101847284,-11.670357795171636,9.887508895981185,80.42938087270721,82
1702101847359,-11.182258463340176,10.32487585090097,84.483135744563,84
1702101847417,-10.458907298296515,10.160080633323512,83.23991235723302,86
1702101847497,-9.521395237814792,10.504774933246829,86.50630970912592,88
1702101847553,-8.415021986151952,10.465845103535479,88.76898347611224,82
1702101847629,-6.952010817433652,10.087129513689003,88.9553219477271,84
1702101847690,-5.55632844062976,10.313223248223668,92.36986351263097,94
1702101847779,-3.6783913542032702,10.183201331473697,93.82530798066942,96
1702101847836,-1.7884400352951362,9.822059226873149,93.84870078165578,99
1702101847901,0.18449220409405645,9.736774167977943,96.73793586093255,92
1702101847958,2.234893860059224,9.70680144317604,98.091133202138,91
1702101848035,4.281190224182546,9.906801643530535,101.82164395515422,102
1702101848128,6.125053769142549,9.823333744313222,103.33377837655338,93
1702101848201,7.804495160288041,9.713958184420282,104.33341787334739,104
1702101848256,9.456667595497986,9.860750673062766,107.86372787133875,104
1702101848308,10.34406189957283,9.584983565668818,106.14851426409595,94
1702101848379,11.972736838992022,9.603773795901926,108.63477204750703,92
1702101848440,12.810268462930622,9.527377935476986,109.52153967253466,91
1702101848513,13.329317873261644,9.463129438781124,109.15825400418824,90
1702101848573,13.352025377028168,9.291064704140675,107.59486048385551,87
1702101848651,13.653435069255822,9.132686299513702,107.08324476970138,84
1702101848711,13.843528669047506,8.931582580176698,107.21504416325271,82
1702101848784,13.313627596117744,8.474771232632877,104.72266961249848,80
1702101848842,12.315827244175226,7.815766960700451,101.60290903309297,78
1702101848906,11.418163987474985,7.423877892853195,100.30245839594177,77
1702101848978,10.474352133953108,7.058821986354306,98.76585252432919,76
1702101849039,9.276714882257426,6.7860129933213935,96.17734981705804,75
1702101849119,8.847738982748456,6.703586192132046,94.78279277146878,75
1702101849173,8.219806460388618,6.766953393814665,93.23012337675867,74
1702101849247,7.422198947353095,6.852945948031084,92.06244368119074,83
1702101849308,6.3935837540917975,6.9390356359133465,90.9412939170043,82
1702101849383,5.028383412842189,6.9600333806562285,89.03432304901239,81
1702101849444,3.409992934253721,7.084073294462547,86.596439430487,71
1702101849522,1.9283123874581698,7.406572077406559,87.67538350106265,79
1702101849578,0.1735134178031093,7.254048041747054,84.04963750577741,77
1702101849654,-1.4040713152780468,7.280505295354947,83.10497039992599,77
1702101849728,-2.889460375939153,7.4920691690603345,82.55356782702694,76
1702101849788,-4.879907842121612,7.972160156095565,80.90711826400266,75
1702101849848,-5.463992472435902,8.22827467308579,81.34189558652281,73
1702101849907,-6.690440857623815,8.495011771244547,80.14006670526504,73
1702101849986,-8.801332346116691,8.947511701317898,79.41216944417066,72
1702101850046,-9.582815587558938,8.870688848386857,77.17658242763979,72
1702101850119,-11.228735355385881,8.954129008590623,77.56674464592902,72
1702101850178,-12.804901294994414,8.840895990442965,75.72689082609442,73
1702101850313,-16.36841129974087,8.887019232287264,76.28097271420181,75
1702101850394,-18.19802035194137,8.858785876752345,75.99141760753699,76
1702101850478,-20.295325750024173,8.98590347784691,77.6978435602071,78
1702101850531,-22.457940861375363,9.27316966201596,79.93867672679379,79
1702101850585,-24.477434131496512,9.456179854555396,81.88606631313816,80
1702101850642,-25.833085078860528,9.31545575196486,81.8738641934574,81
1702101850722,-28.662063090036543,9.531542419565561,85.59950825698657,82
1702101850777,-29.15358131226391,9.31133903303212,84.75411578518343,84
1702101850858,-30.534685765417812,9.632499023489455,87.90388990971908,85
1702101850916,-31.194752092503286,9.470995103967356,88.12151235259486,86
1702101850991,-31.56604284378959,9.357380180403306,88.51735282964165,87
1702101851052,-32.24489539021303,9.413432123232614,90.35720106719616,88
1702101851139,-32.6952466781568,9.449753039960195,91.91341731780248,88
1702101851192,-32.49227060804163,9.247761931289235,92.27972832869274,88
1702101851257,-31.441464183209153,8.959294014337237,91.13363581837524,88
1702101851334,-32.24824961079558,9.175674627483605,95.193503117279,87
1702101851394,-30.891016955646542,8.856951954304884,93.29646888371394,85
1702101851453,-30.985569018894104,8.896814532424827,94.39087962422487,83
1702101851527,-30.923262364852036,8.7618992578699,93.9095332000147,81
1702101851588,-30.30465457046786,8.259281441636416,90.47094067511725,79
1702101851667,-30.339921097587766,8.052670436940787,90.10801558507643,77
1702101851725,-29.935643811421162,7.494138394520446,87.91763759201261,76
1702101851799,-29.89767453084114,6.982115233528626,87.43688859445629,75
1702101851873,-28.595831021680915,5.905800072327438,84.06697029085436,75
1702101851933,-28.048802781889243,5.472962098405854,83.12329960036142,74
1702101851994,-26.552738477030108,5.321524138370395,79.94942890853858,74
1702101852088,-26.360841567726684,5.7677969732200225,81.70408416518521,75
1702101852140,-24.21785968672434,5.860419652386716,80.57071377765392,75
1702101852204,-23.61104369156677,6.139019866635152,80.43028519497716,75
1702101852272,-22.212024450843405,6.043467771739285,80.52640138328081,76
1702101852333,-19.31985117159602,5.549128751480619,77.20644793589484,78
1702101852415,-17.415744945123823,6.156273502940462,78.33054526530722,79
1702101852465,-16.27321995212074,6.294879204670602,78.32935042578774,71
1702101852533,-14.307192775968003,6.6148665641650135,79.12934060745987,82
1702101852592,-12.161951337678186,7.164977280876701,81.59541414250674,74
1702101852671,-8.152528244162475,7.203131822892932,78.97971033370688,74
1702101852729,-7.017973929929582,7.5842127429360255,82.24854604329134,85
1702101852806,-4.848116622068893,7.32333662232426,81.98187812561963,86
1702101852866,-2.6064231969152534,7.5112873786633525,84.53552849289186,86
1702101852937,-0.5652171728473763,7.924420105874826,86.81898067755588,87
1702101852998,1.516946280566393,8.140057390727561,88.27357913372295,88
1702101853078,3.7510993583702046,8.477576644523237,90.63357377700225,87
1702101853136,5.721388711860808,8.343096546675998,88.34940855910813,88
1702101853210,7.944042565948196,8.508496935721844,88.82703904594283,88
1702101853268,10.015224860184276,8.852479794077041,89.73933808372729,79
1702101853343,12.031706804100477,9.048629503840356,91.19750735988121,80
1702101853405,13.445229254870924,8.953335261950105,92.42910793520166,82
1702101853482,14.456487939124708,8.661704869349796,92.87853430111832,93
1702101853538,15.206122715012112,8.711570369436304,94.96316350910806,93
1702101853612,15.587283434111463,8.774516549585364,96.01355711102397,94
1702101853673,15.909097094700744,8.725426211984104,96.25539345798921,89
1702101853748,16.695946880235574,8.590651941587911,98.28373648644192,88
1702101853834,17.552115652593084,8.73903236056688,102.17068384483152,99
1702101853888,17.8440697843238,8.389055361184894,103.68012038847594,89
1702101853964,17.91658907918512,8.256743143909127,103.11854307310414,101
1702101854021,17.979460422180537,7.810598052021859,103.02990880670507,102
1702101854094,18.336210133936106,7.559464523137265,104.62295787497067,95
1702101854154,18.989478918899902,7.461073061452239,107.51525983500596,96
1702101854229,19.29357362072939,7.318397888505557,108.1584798575719,97
1702101854292,20.029022235189284,7.329228872667835,110.48362073816854,98
1702101854366,20.560782265172506,7.15511596970351,112.1408759286058,99
1702101854426,20.63752801366075,6.992244759832645,112.47277282160894,108
1702101854498,20.88638026672565,6.980601095953508,113.05271278558097,108
1702101854576,20.886530667126884,6.92182515375036,112.99429202362946,108
1702101854638,21.35497317000523,6.9907467570809665,115.51463143217207,107
1702101854709,20.823982727177714,6.765213317040217,113.20999375314368,106
1702101854769,20.7931788260469,6.6658173928226825,114.00785969616315,104
1702101854846,20.353425525439736,6.222799162379556,111.69217353066863,92
1702101854903,20.560808423121454,5.944402761757976,111.43309664150858,99
1702101854980,20.385969622895285,5.516743182762121,108.89147833932371,96
1702101855041,20.854619208717484,5.024115645629605,108.91157451581003,95
1702101855114,20.680608608475453,4.473764597623728,105.80271801815262,93
1702101855174,20.592123762440096,3.593173552989129,103.09303874647324,92
1702101855252,20.483090638993563,2.8457910744586727,100.63858360951284,89
1702101855310,20.131560478664237,2.5352275964841207,98.0135667699833,88
1702101855386,19.689417741571198,2.411729934730576,95.43860175567411,76
1702101855444,20.12160334132335,2.5947639220599497,96.23709908083846,84
1702101855520,19.81189500460282,2.6500992027811003,94.33700865806104,73
1702101855593,19.60459948753688,2.7826910430690805,92.71686628993949,71
1702101855654,19.252872600762807,3.050371324120804,90.55902273235121,71
1702101855711,18.84696428870786,3.3886702832660656,88.39313162501666,68
1702101855795,18.362737421809197,3.715012376327883,86.11597147874765,70
1702101855846,18.1162820941849,4.410431762711859,85.00411414526441,68
1702101855909,17.859611374026432,4.686633349472022,83.82827620617,66
1702101855988,17.73439893023682,5.242103735831595,83.48361837763719,73
1702101856044,17.109522429702974,5.616278382905747,81.87864553915317,74
1702101856132,16.767600746928636,5.656436109427484,81.04580050484553,67
1702101856188,16.067554368306933,5.692088725151546,79.86330103613423,73
1702101856255,15.039225106232927,5.655987582961912,77.90347197791574,70
1702101856312,14.225898913931442,5.877958304867314,78.51582260977604,75
1702101856389,11.75592792364718,6.4871830155038035,78.4828216384991,74
1702101856447,10.810001649245436,6.634967897574641,78.7842669820808,75
1702101856525,8.043478759593867,6.605269760004714,76.04050132550068,76
1702101856583,5.884767363986424,7.057103148931594,78.21733823954348,77
1702101856641,3.086401390435659,6.919186653546494,75.42067967628739,69
1702101856734,0.47972618042308907,6.979616854922994,76.81000991884626,69
1702101856793,-2.284190832899268,7.0213118858852015,79.6200761884267,71
1702101856854,-4.887289672653192,6.455859614845066,75.83844725575314,73
1702101856916,-8.161884211222445,6.560016234087408,81.28647107150583,74
1702101856989,-12.09710804306065,6.773784691961934,88.70040033905575,78
1702101857049,-13.231361419191472,6.581936258281147,89.007555112875,82
1702101857125,-14.835781414936706,6.469791384973174,92.20819158941048,95
1702101857185,-15.581672022788435,6.339294013022561,93.60601386487735,99
1702101857263,-16.23018491447707,6.227452009577025,96.09413443504332,102
1702101857317,-16.764914707207918,6.008160732286908,98.15786809309384,105
1702101857392,-17.015407827745403,5.754435865437134,99.86409538074521,108
1702101857469,-17.68269909269122,5.6915597851406625,103.87665132865361,112
1702101857527,-17.81605848804079,5.4771243676869235,105.19312580047327,115
1702101857608,-18.551561749806467,5.392983642246385,109.51837761892703,117
1702101857679,-19.399051624355486,5.376627616420012,113.40826790852938,120
1702101857740,-20.764856410881595,5.258385601350711,118.90308023569656,123
1702101857814,-21.27087999595446,5.247144582870635,120.24371231137715,125
1702101857876,-22.193165500519864,5.201876811612321,121.90622860802002,127
1702101857952,-23.486105647945532,5.303950035432016,126.4380569276906,128
1702101858025,-24.39229166511204,5.32829581576784,128.56158166800117,130
1702101858099,-25.250467317863862,5.426778836969427,132.5802165289935,130
1702101858158,-25.559708575188296,5.397164321722211,133.53795068779155,129
1702101858236,-25.50373947333059,5.306743710545666,132.9872948363244,130
1702101858314,-25.896025638248396,5.320473074905758,135.17149437094693,129
1702101858368,-25.928529631730616,5.229464311201818,135.10537424329362,129
1702101858446,-25.820511927111117,4.959951513384825,135.00927772515874,126
1702101858521,-25.20599456820453,4.38947622207414,133.3080684877247,124
1702101858581,-25.11547749692949,4.034679874068524,132.36188729702178,122
1702101858652,-25.54491001724548,3.7135590204663047,134.90909974201148,119
1702101858712,-24.585278592974678,2.6754753566095686,128.05463589271108,117
1702101858790,-24.493397940180984,1.7766034266133692,125.80530481236725,115
1702101858863,-25.25502124559704,0.8358695898425,127.40737149936892,112
1702101858924,-24.310239115623574,0.23389920348538534,120.611819896952,113
1702101858999,-24.427139992546596,-0.048796209022262456,120.1725905553572,111
1702101859060,-25.14883792369052,0.1554527908110604,121.93846874932836,110
1702101859133,-24.787741193028555,0.5750732528626481,119.3910634240044,108
1702101859210,-24.4727428122085,1.2083756465388649,117.82011157758942,106
1702101859268,-23.824052202346692,1.680942166012726,115.16385335757181,105
1702101859347,-24.23598849289643,2.3345099392731434,117.0905581166148,104
1702101859406,-23.006426084884026,2.8308244865848162,112.10219357895261,103
1702101859479,-22.452507741664583,4.169335026093619,110.45901779555835,101
1702101859558,-23.006447274053933,4.889575029576527,113.10594062189978,100
1702101859613,-22.36837735524489,6.1472601082835805,110.83608187875105,98
1702101859689,-22.573494556739405,6.639316206319855,111.95332620068034,96
1702101859747,-21.65212104639488,7.146214558653846,107.2268509330559,94
1702101859831,-20.719209332917828,7.143549284433931,103.16209419677372,93
1702101859882,-20.10774774322259,7.026300297154116,100.63141904889319,93
1702101859960,-19.928799893427723,7.007095552220421,99.83393493641444,92
1702101860016,-19.70606850805078,6.954585077613019,98.32330061665651,91
1702101860156,-20.66199962055674,7.504708634102524,99.92191934315956,90
1702101860229,-20.411497072665632,7.588972751730793,96.95300276790518,89
1702101860288,-20.5313586072106,7.753641437785603,95.74886368328323,88
1702101860363,-20.7499664711012,8.006638738424959,95.20202714603388,87
1702101860424,-21.08947316000099,8.213770609111611,94.12789126487668,86
1702101860500,-21.58578951330858,8.398041586771578,93.86813318450844,85
1702101860556,-21.83075056288849,8.529057989341002,92.77911687531088,84
1702101860637,-21.8681644036447,8.412982315272307,90.76284137969199,83
1702101860692,-22.097230051594135,8.47080056990663,89.72863390915523,82
1702101860785,-22.58004909947236,8.635172956906523,89.65264891585757,82
1702101860838,-22.7594374063039,8.677885025773982,88.39610732968701,81
1702101860888,-22.926314627175085,8.674595229211237,86.7434620194216,80
1702101860982,-23.487148092020718,8.81153135586756,87.12670027574963,80
1702101861040,-23.914000305064242,8.888491143935532,86.30284950799516,79
1702101861105,-23.81695779852699,8.8467929536297,85.47975866413647,79
1702101861164,-24.484176618364746,9.098046085404233,86.63454398373665,78
1702101861237,-24.89738174316899,9.182552762302493,87.28204845837217,78
1702101861292,-24.44138816169946,8.949097842563383,84.83842976342059,78
1702101861369,-24.351751308251472,8.920930784652272,84.26111824978504,78
1702101861428,-24.821596803324695,8.969515754536674,85.26780064846886,78
1702101861518,-24.513800338981174,8.847764999650094,83.94764835333271,78
1702101861571,-24.428877874878513,8.774591206908337,83.13296687814749,78
1702101861636,-24.931278729711366,8.787789943470841,84.67869842647883,78
1702101861698,-25.00217645562644,8.738003968841683,85.29796005646355,79
1702101861775,-24.09429908368497,8.143138856116767,82.52858026344337,78
1702101861833,-24.22247596612408,8.51872565646942,83.75056228845101,79
