1702100986204,6.682508819245808,2.0354704978299454,33.943572792028434,33
1702100986279,6.75962873518182,2.0275044932318407,34.03604092806107,34
1702100986316,6.716885416309999,2.0533413486958154,33.82242284252375,34
1702100986374,6.813194078583344,2.0562123535108405,33.890708744539545,34
1702100986447,11.340298574459823,2.0723224674625893,40.11438431108763,35
1702100986512,11.590615094332387,2.659819253620035,39.66256521382156,35
1702100986568,11.561155175224272,3.005465375516632,40.42114109628869,35
1702100986645,11.072788124298736,3.382916278818773,39.893244635209,35
1702100986703,11.093494879808835,3.6460422865333895,40.79931896786572,36
1702100986761,10.932103414913794,3.898169325067831,41.34331731123991,36
1702100986823,9.950050230985733,4.132233579431697,39.65299607342938,36
1702100986900,9.394754701470584,4.429416770891174,39.780252039827,36
1702100986959,9.056782359017562,4.927611294299453,40.629382169804416,37
1702100987020,8.540442967554698,5.255254092897062,39.89934353235755,37
1702100987154,8.123300230697929,5.400086075958184,41.10212617086502,38
1702100987217,7.861663613093454,5.393132598040009,41.175343051408994,39
1702100987291,7.742666571330579,5.4229336378632595,41.672862369598874,40
1702100987348,7.3015774586619315,5.382346229702361,42.87078247261422,40
1702100987412,7.07627863254768,5.245610616179453,44.326429915761885,41
1702100987485,6.314628381619017,4.967303522699404,43.511034184920895,42
1702100987543,6.053471025440286,5.460840013576907,45.2251503735787,44
1702100987605,5.1569951851115094,5.502670870802635,45.34913345031015,45
1702100987683,4.319559332694594,5.581554495640611,46.13672102498526,47
1702100987738,3.653024241657346,5.644696350583788,47.86062146789868,48
1702100987798,3.0302476669657152,5.609580028147993,49.128014743881856,49
1702100987873,2.42896624537807,5.502165789900413,49.91735069110642,51
1702100987934,2.0542459865814755,5.496661664361945,51.398423511265065,52
1702100987994,1.7508822329980873,5.626652869636806,53.3264889143073,52
1702100988071,1.3678839170293613,5.660128519346885,54.11471747998229,53
1702100988126,1.0555324497128462,5.5906573878015875,55.06027609557546,54
1702100988189,0.781664118274228,5.554502978539254,55.73820743505653,55
1702100988265,0.431425012887627,5.518801301627819,56.83498870763899,55
1702100988325,0.22525854964710562,5.6023946216894505,58.36132052330447,56
1702100988396,0.07598183307942186,5.630533863475902,58.876142257917486,57
1702100988473,-0.04443782935009156,5.726736848076668,59.63453591975064,57
1702100988536,-0.12412116620962699,5.861800135321157,60.47054201665239,58
1702100988592,-0.09608905133512814,5.849528600310994,60.19261696982365,59
1702100988730,-0.4940211569061078,5.816143881803487,62.35823899515327,61
1702100988789,-0.6464546401397921,6.002350330246926,63.985604894240495,62
1702100988851,-0.6155996590645494,5.979343107423818,63.44463562128148,62
1702100988922,-0.6241385480165528,6.150220143136506,64.73196888687585,64
1702100988984,-0.6506992473632952,6.131951902695466,64.39589977645372,65
1702100989089,-0.5900716136174244,6.144325038516941,64.86255704134759,66
1702100989139,-0.5442732296346819,6.203176796473616,66.99011814992419,68
1702100989192,-0.5029852504735883,6.1294017546925845,68.85109376967189,69
1702100989252,-0.5268785208653085,6.053462425130364,69.93052505202795,71
1702100989312,-0.5659954837040304,6.26085830796077,71.45305523323913,72
1702100989389,-0.7586703642992152,6.550811881091845,75.19319271407967,74
1702100989449,-0.934470695155362,6.475369687189076,75.12477788983846,75
1702100989521,-1.2190960729122844,6.443146464845139,76.81994774330971,76
1702100989585,-1.491083085848834,6.587274323675569,78.59922014085235,78
1702100989659,-1.8699603916125778,6.7459998337055564,80.2616025619875,78
1702100989717,-2.1775345839383067,6.830179730347302,81.40617562072293,80
1702100989796,-2.6202891889116513,6.801518127079092,82.2428261128957,81
1702100989853,-3.125562597917806,6.677044363246953,83.39292017204541,83
1702100989928,-3.5875444403578287,6.704002564446677,84.97037874886348,84
1702100989989,-4.014513587782406,6.7225039658643615,86.03577461161025,84
1702100990069,-4.472871126920888,6.7602322816259806,86.69432992187399,86
1702100990123,-5.065962304584443,6.68415540310284,87.30016858620324,87
1702100990215,-5.624636232516914,6.655812565143023,88.39219806492399,88
1702100990266,-6.078375275973168,6.641732793581679,89.18035491461913,90
1702100990333,-6.826701014390484,6.423104998150485,91.71903726559978,92
1702100990394,-7.143076611374781,6.3167967833559855,91.69266078870115,92
1702100990469,-7.666502431026245,6.523818893329685,94.47782899199692,93
1702100990530,-7.612470406143422,6.408943444753125,93.15204395714511,94
1702100990602,-7.920997634718337,6.363006392288583,94.5601646147733,96
1702100990664,-7.983146071000675,6.2037925784456425,96.24895764786409,96
1702100990737,-7.852749046529137,6.104234246735853,97.30209295398791,98
1702100990813,-7.878239956945246,6.1956317553360725,99.96130746440525,102
1702100990871,-7.857056310276616,6.135985323271754,101.06259866374707,103
1702100990949,-7.837369342993477,6.0332857930888135,102.00434330436909,105
1702100991008,-8.101735041472352,5.904785855326127,104.21204020426082,96
1702100991090,-8.499648942260599,5.795144920777525,107.17188262875621,109
1702100991147,-8.556605438274124,5.770803705499725,107.90360115594827,99
1702100991219,-9.02556198450645,5.7479282485528636,110.64509628580247,99
1702100991277,-9.265390649193588,5.753531341715456,112.45827123572185,102
1702100991355,-9.716793780917905,5.6479604495718965,115.32774227543209,104
1702100991429,-10.066182608315186,5.550657238402633,117.51333903839277,118
1702100991487,-10.319292310564258,5.484971996489702,118.63413539889989,107
1702100991565,-10.737712369592808,5.47029080591241,121.1872962900507,120
1702100991641,-10.929077207386333,5.473565829726865,122.44274737682325,121
1702100991698,-11.142975973054115,5.384276987961471,123.30181390567492,112
1702100991775,-11.430011035395856,5.427776337211039,125.41086035152621,126
1702100991833,-11.555676476247415,5.357449096322477,126.3524932448528,127
1702100991913,-11.797954477951837,5.322998800357188,128.13840174588606,129
1702100991983,-11.836889308721473,5.2649687768572715,128.66024010744576,129
1702100992061,-12.092005911373876,5.1895447794317375,130.25343806762652,130
1702100992120,-12.26434884272602,5.104681472521807,130.98374746208535,135
1702100992198,-12.586571606499936,5.075994392171849,132.66963405063754,137
1702100992265,-13.247039306919026,5.009694754288998,136.83902022883728,138
1702100992328,-13.411387673909932,4.953229479604715,137.46379556332465,139
1702100992401,-13.586236638646382,4.895545417067552,138.56913625913566,140
1702100992479,-13.645613739851902,4.839867375425328,139.09787357148812,144
1702100992541,-13.687953417036505,4.804130766301783,140.26779347697493,144
1702100992613,-13.771513596575517,4.720720737511184,141.79969802560277,143
1702100992689,-14.191211802203677,4.841543366573026,147.05644499118102,144
1702100992766,-14.015362188311137,4.8202543333315075,147.16179883326683,148
1702100992824,-13.81567834658825,4.688059911491349,146.12624030529597,146
1702100992903,-13.954813107631157,4.725235743122729,149.86619681586836,150
1702100992973,-13.842882587222265,4.690344149669755,150.66286069855764,151
1702100993050,-13.827931736078902,4.615122590291193,150.62117107109543,153
1702100993107,-13.69491357947727,4.4994735912946595,150.04449343967505,138
1702100993184,-13.815054630391014,4.5256534654058,152.6560217063037,151
1702100993259,-14.013993879500626,4.550971206573788,154.98667308632562,157
1702100993334,-14.021392072598012,4.506724461290509,155.51219992113255,160
1702100993411,-13.897166069117636,4.44725026560748,155.51197644431795,160
1702100993469,-14.161719527040404,4.52373512585938,159.16789046112024,143
1702100993548,-14.270754831279591,4.63320971950359,161.03584018379237,157
1702100993618,-14.112258153941058,4.598351832909486,159.4797267746583,157
1702100993698,-14.311680584331082,4.630226997663322,162.10788957744566,146
1702100993754,-14.462592813015611,4.681150412003644,164.90110817201528,146
1702100993831,-14.417323574092826,4.607830060089294,163.92672977948197,159
1702100993908,-14.569693580294024,4.593216957866876,164.83909161646505,160
1702100993985,-14.467798023220817,4.573030481712594,164.6041056443548,160
1702100994057,-14.426879512899935,4.514338595289585,163.36053603254962,161
1702100994131,-14.506822921113004,4.458176954760832,164.31847409777632,162
1702100994188,-14.690252981703553,4.475509596376233,167.04069564519813,163
1702100994269,-14.796452735743577,4.52584446394235,168.71275693645973,163
1702100994338,-14.56700984534399,4.448122785484055,166.36226530855484,164
1702100994413,-14.58865003946395,4.442004687203113,166.48922382679933,152
1702100994488,-14.722716521259326,4.49866668545063,167.80089718240805,160
1702100994549,-14.827659713928975,4.511303768871966,168.42150023680315,167
1702100994625,-14.958546876044505,4.51242213717389,169.56801350549048,168
1702100994701,-14.957864287343813,4.397584796229089,169.382864810568,169
1702100994777,-15.0640044349882,4.323209423914498,170.77639159484528,169
1702100994833,-15.14378468902672,4.242419429140832,172.04277322945845,170
1702100994908,-15.380443725072833,4.216157098904919,174.74326927314453,171
1702100994985,-15.45884871475162,4.233005278863996,176.56908851093297,174
1702100995057,-15.060264435031089,4.117118769437489,173.00608621498185,173
1702100995138,-15.307414840366352,4.224326806305758,176.11976148630754,173
1702100995208,-15.41994288075673,4.272014627619532,177.76297614057862,174
1702100995274,-15.253864676076846,4.21481126119107,176.00324329398651,174
1702100995344,-15.410786053232055,4.216967489557116,178.189937256386,176
1702100995422,-15.425011158600137,4.190705056769711,178.4618686125118,176
1702100995492,-15.402810089410961,4.179863513167443,178.06526823098136,177
1702100995571,-15.347591996304034,4.157247026352337,177.05378855110266,177
1702100995642,-15.635425032654197,4.18569539885218,179.9315492045825,178
1702100995717,-15.537523352503042,4.116813059760199,178.34745540157326,176
1702100995794,-15.61640379839765,4.108280054090278,179.8472584201951,178
1702100995857,-15.80355227010039,4.127156623367769,179.55408274493573,178
1702100995926,-15.98955221447565,4.0269351087025695,179.99557105869982,176
1702100996017,-16.295198647333727,4.065246953947198,182.82009859946388,174
1702100996096,-16.462973963210054,4.097665046846759,184.55181971611964,175
1702100996155,-16.55324874476007,4.072241573794734,184.91722464793804,174
1702100996245,-16.545768019337395,3.6575044117212623,182.94868648191255,173
1702100996306,-17.209346887054565,3.561938906293655,187.1838249224016,173
1702100996362,-17.038977766094494,3.604344252723035,186.95081768529425,172
1702100996457,-16.51560544801107,3.5190788388555476,182.36389669983657,173
1702100996513,-16.643107285041424,3.584350618448832,184.12984922366002,171
1702100996592,-16.582754459184407,3.5932583368568243,183.5373714753338,170
1702100996665,-16.67087237275782,3.6798942224536746,184.2399057651172,169
1702100996727,-16.373829088647717,3.5824773487179598,180.1096196938113,167
1702100996797,-16.31424273362598,3.5412850245197744,178.88464200633484,166
1702100996873,-16.215993584050366,3.5160774177062324,177.78084848039597,164
1702100996949,-16.12800576243798,3.5522832902586807,177.1837338380199,164
1702100997027,-15.827512518970318,3.5110157295036064,174.16152207762065,161
1702100997098,-15.824264820586002,3.5215096588627173,175.02191442569762,159
1702100997159,-15.536750141485147,3.5268698134942387,171.4326489084816,157
1702100997237,-15.583183472299304,3.5148335718291683,172.70630003448963,155
1702100997309,-15.328031462655156,3.457611025573399,170.1507741862969,153
1702100997384,-15.010934996306311,3.53736935808946,167.60439636857313,150
1702100997442,-14.474892222532041,3.4496257796631737,162.21198608117496,148
1702100997523,-14.50509654344292,3.5863744659780368,163.86437472578925,148
1702100997595,-14.378716180678248,3.7416488765715945,163.8404322994027,150
1702100997671,-13.889562367093596,3.8286767877383774,160.36109242848377,143
1702100997728,-13.837662279527297,3.91229796317023,159.8207595036327,141
1702100997804,-13.254653606962487,3.903684306968574,155.17669854723368,127
1702100997880,-12.702337170582211,4.117859760190066,152.75163350249326,128
1702100997940,-12.141944362833469,4.213405199202808,150.3763553772977,125
1702100998017,-11.576608831370814,4.2567310392969,149.80323993088402,124
1702100998097,-11.175973004930977,4.270536413263889,148.93319423623993,125
1702100998223,-10.170761969102516,4.189642687075787,144.88705101130768,124
1702100998318,-9.981247196440846,3.9857747705421804,148.6169232929254,121
1702100998370,-8.877723150702886,3.7465258550500855,141.47660982021915,135
1702100998432,-8.148169430052128,3.80600563980693,142.16868875986103,121
1702100998508,-7.270012028379395,3.971310726769605,141.7542137556815,119
1702100998567,-6.578231012157263,3.907973037134537,140.11351324170624,117
1702100998642,-5.828955337802565,4.019143773124987,139.6289272733634,117
1702100998703,-5.251926133868265,3.9312032000389108,136.2214729674164,115
1702100998778,-4.901551658098441,3.8958837884652624,133.47612609729447,114
1702100998854,-4.544148459793966,4.0887278632699635,137.7588694541838,114
1702100998913,-3.756992561856765,3.642516128366967,134.54914452784513,112
1702100998990,-3.14244530747253,3.5578083568018557,134.5340538436218,110
1702100999048,-2.543764652514533,3.5883246711403474,128.6897671946586,109
1702100999123,-2.103515974709271,3.758612449772239,129.57957229297602,106
1702100999201,-1.5503064138689961,3.8555522091412473,132.84602293001052,109
1702100999258,-0.9771381755870885,3.706645125806216,129.49696723248036,104
1702100999342,-0.6352996154812182,3.6544613634614107,127.7839708775526,118
1702100999394,0.30431039948996674,3.570019383726912,125.90821119246272,104
1702100999468,0.9897027612597794,3.457017821974048,124.34713635518112,103
1702100999545,1.3787847916400713,3.5369570136107464,123.45231017917739,102
1702100999607,1.6126592288915576,3.7591006886583105,122.44164655575547,115
1702100999681,1.828706606532635,3.911026149598861,120.68026130051311,111
1702100999741,1.8930021191594908,4.1268685154668585,120.10005835820064,113
1702100999812,1.9232131674646427,4.270254004108912,120.33816469858108,110
1702100999893,1.8307066370218215,4.533612233917708,120.93509107062165,108
1702100999948,1.7529025322716567,4.5616277716164735,116.68518641457278,106
1702101000026,1.7452793411660197,4.58513660831669,115.25027906982643,105
1702101000091,1.7744970281106898,4.551926959997726,113.66010677088008,104
1702101000159,1.8068875464969054,4.565951159560386,113.63393146236325,102
1702101000218,2.110888690216055,4.430379450900696,108.34006614945551,99
1702101000296,2.426543204299065,4.489132584744692,107.42587976648088,98
1702101000359,2.814015311912912,4.590399732763465,106.6423312058103,95
1702101000433,2.9996053830525415,4.657895442594983,105.81681026265662,94
1702101000488,3.241638402766765,4.568486479388988,102.09808243214135,93
1702101000566,3.524940231034589,4.634101045600275,100.48246890753418,89
1702101000641,3.735830063668308,4.61184470687977,98.38851206549603,89
1702101000701,3.948599736334774,4.621583038863312,96.89475868142947,88
1702101000774,4.03237666261847,4.633413667645759,97.27079058826126,84
1702101000835,4.0530441536369715,4.582933361520636,94.87418892336999,86
1702101000908,4.097440173062138,4.705973111872378,93.59931043760226,85
1702101000970,4.069851306586417,4.591709812835304,92.79978917380136,82
1702101001028,3.7092960626001004,4.32243967523459,90.14790365576289,82
1702101001106,3.5748715618943554,4.286674078740465,89.14057643484031,79
1702101001164,3.4907289719138967,4.548706641437746,89.45419202565776,78
1702101001239,3.3637994673594402,4.679593547160036,87.92994285210746,78
1702101001299,3.346894778875344,4.691697286697374,87.76381448231831,74
1702101001373,3.2775643203061184,4.644739597696808,85.64340507869069,75
1702101001437,3.2377228987971187,4.677064819941133,84.33005469853616,72
1702101001511,3.2857175123256885,4.783940328612036,81.48578394372436,71
1702101001571,3.3121368463801626,4.833809584018584,80.89643373728667,70
1702101001660,3.4782321981079147,4.860208651293141,78.10163914910687,68
1702101001711,3.5238867249888672,4.913839232996128,75.60747757150601,67
1702101001762,3.5391302040328574,5.005561380831037,74.92179612109312,65
1702101001838,3.5191180031488596,5.052006447781562,73.46260433229347,64
1702101001904,3.4793868497766454,5.044153460491021,71.34799117185085,63
1702101001976,3.3761652201299315,5.02386453831367,69.67182918910126,61
1702101002036,3.3623106543131005,5.134590438012266,69.49953874051307,59
1702101002096,3.071090261502183,5.229214648820646,66.62080215405261,58
1702101002169,3.0176092095747378,5.256319524541399,65.61047928860202,57
1702101002233,2.8973327725717284,5.356740981377957,63.80137789512996,57
1702101002319,2.882676158189067,5.354560696902559,62.689468960712084,56
1702101002370,2.905711118064458,5.377201168860039,61.72572947714407,55
1702101002425,2.9638051124883815,5.072661917654614,60.48339794203284,55
1702101002500,3.0563104830782795,4.8025824859362825,61.70563480569464,54
1702101002557,3.0467882000901234,4.706583827599904,59.899875474081185,55
1702101002619,3.2001907876905955,4.645209086500314,59.93191732591755,55
1702101002697,3.2478579213766645,4.339411613497882,58.38178792571387,55
1702101002755,3.2310147387755395,4.093413622573959,57.83510288414459,55
1702101002830,3.3198545497948553,4.2546129117485645,58.54699186374897,56
1702101002890,3.3746113041042483,4.378332046661891,58.48601114353422,56
1702101002950,3.5374348704242426,4.520463358670584,58.559245222125206,56
1702101003023,3.7141866730394177,4.615311172235645,58.92813406850033,56
1702101003088,3.7833628345928534,4.642397346011603,58.594239323685805,55
1702101003144,3.790930819509254,4.636482529087072,58.61782859688868,56
1702101003221,3.766930769029076,4.642884048339723,58.45053400710878,55
1702101003278,3.7511637550833288,4.643316271093651,58.54076010486754,56
1702101003353,3.6989014005999614,4.697328719948631,58.474090634062655,55
1702101003413,3.676678202462092,4.726474318163876,58.67094838398343,55
1702101003472,3.6218035485508575,4.740258478104885,58.1688059346822,55
1702101003550,3.6771778671733535,4.765738076755031,58.38166012848749,55
1702101003607,3.695385551429744,4.800888295696962,58.604950994673196,55
1702101003685,3.747926060779722,4.8228297964093425,58.63252239930243,55
1702101003742,3.780618694714033,4.833780209138221,58.74791644556399,55
1702101003805,3.8079845704041166,4.848588853715867,58.62846001129588,55
1702101003876,3.807055005524858,4.857929703555694,58.65078572082624,55
1702101003954,3.787275779225853,4.947477200828275,58.7560669398392,55
1702101004007,3.843936415296979,5.015688465756495,59.1247019550813,55
1702101004133,3.7990160712568164,5.166871844994617,59.27004050401018,55
1702101004211,3.781153804711686,5.224321603774526,58.89954170770935,55
1702101004269,3.794342437806276,5.219330369939131,58.99776989861517,55
1702101004331,3.7869250165613537,5.220959924861466,58.85380980649924,55
1702101004404,3.8002111029091026,5.215699916048303,58.916835488942674,55
1702101004464,3.8144232071645483,5.24672239775384,58.877189886374794,55
1702101004522,3.639302643355394,4.931140299478506,59.22433955411993,55
1702101004600,4.011777236225548,5.515552479910743,61.58335209853967,55
1702101004657,3.9705460678655364,5.486225925781096,60.30665477889923,55
1702101004737,3.9542546601347555,5.522954412176677,60.363760351561375,55
1702101004792,3.931314887798559,5.51416073849372,59.88282389807758,55
1702101004852,3.939763302609245,5.530260728475928,59.503683657773365,55
1702101004927,4.011755764010146,5.570603670339418,59.58965950874345,56
1702101004990,4.086232522807295,5.593937533851312,59.43609221523961,56
1702101005048,4.2560358223237245,5.670477567653195,59.934056871902996,57
1702101005124,4.429996820069263,5.684205654654612,59.51763773457551,57
1702101005182,4.745315804050943,5.892799153692077,59.79918155573995,57
1702101005256,4.84428233811121,5.98278445115641,59.71431821738449,57
1702101005317,4.830375621973856,6.018887622993377,59.663081621640146,58
1702101005380,4.9089596428202755,6.395619437845603,60.33776546408375,58
1702101005456,4.917317017145526,6.48522617927984,60.47253640162691,58
1702101005513,4.820038900062417,6.75558118830161,61.011400137862864,58
1702101005592,4.587237886692927,6.859448011798803,61.36447572469479,58
1702101005669,4.392308095990408,6.9629645362439465,61.477806958795156,58
1702101005721,4.194673116575225,7.065603250392978,61.718315944782255,58
1702101005784,3.8864213862020045,7.064202236666424,61.582803655205495,58
1702101005845,3.5853509348493455,7.072319589968354,61.13288599378649,58
1702101005908,3.278936554828296,7.285950320258379,61.04374808224055,59
1702101005978,3.223471579707503,7.346845969205157,61.08458926050331,59
1702101006039,3.171625184094467,7.440986940623544,61.11705248486827,59
1702101006116,3.1493058014972384,7.570594588343593,61.593005455695526,59
1702101006173,3.0592428510639467,7.571510004969346,61.2025197450466,59
1702101006233,3.0826138857067527,7.625404064137887,61.484930821260605,59
1702101006317,3.0228847427227676,7.525553016820819,61.180318914086364,59
1702101006373,3.0958218788689424,6.963793041936372,59.776377907504695,59
1702101006443,3.588204588275427,7.71747873264996,63.602514943630844,59
1702101006505,3.776461021399958,7.597538996637244,62.18334441591485,59
1702101006565,4.122509610329361,7.607065582232295,62.16084817089045,59
1702101006643,4.456746201193008,7.477793809353553,61.133043812732694,58
1702101006700,4.767444696011482,7.490903194932209,61.300044704577054,57
1702101006775,4.941087032207891,7.523216078788857,61.79365145359438,57
1702101006836,4.940206578244635,7.533130817571515,61.89174420383308,58
1702101006894,5.046622649271257,7.4535579981673505,61.483757101496906,58
1702101006973,5.018381645831567,7.374597502935822,61.15321229282306,59
1702101007028,5.0468630288146725,7.3425523341129075,61.13032978960897,59
1702101007104,5.013256205896208,7.357865047952158,61.303828622150995,58
1702101007167,5.045809975825635,7.377713369541868,61.60642979831501,58
1702101007223,4.982415379856584,7.327903325784112,61.490178874281696,59
1702101007299,4.872673967020799,7.280160303698887,61.458321289361756,59
1702101007365,4.751965241753026,7.255549910171754,61.43290111995199,57
1702101007434,4.683502610938681,7.26862506022595,61.71603357151263,57
1702101007491,4.589584182543938,7.24460568616765,61.56155930573782,58
1702101007556,4.484395995968217,7.209601833107551,61.5231674469805,58
1702101007628,4.417054591876809,7.2131412916626525,61.79206062362636,58
1702101007688,4.282281807152714,7.1201845985761585,61.12776215472866,58
1702101007748,4.232614757774237,7.080766426194452,61.196379224804524,58
1702101007825,4.232956705514746,7.073999079393801,61.35490857264983,57
1702101007904,4.21169686693347,7.048087871593935,61.31767973180511,57
1702101007980,4.187918598045296,6.960103528966201,60.822941257125855,57
1702101008057,4.222982391156263,6.935946179488111,60.711955662455196,58
1702101008159,4.237004486791697,6.9364335711344705,60.70396213540808,57
1702101008262,4.234067163150947,6.90893769743301,60.53718848298455,57
1702101008382,4.252789002060474,6.882157795050508,60.4700234500974,57
1702101008466,4.249338998042524,6.847719687864424,60.34016647762074,57
1702101008527,4.251722192134254,6.820548527541094,60.22733930074813,57
1702101008584,4.305195148106647,6.84789052823536,60.37077693071593,57
1702101008649,4.356459554518181,6.888882711847486,60.493978326539306,57
1702101008709,4.402036197547626,6.97798454445177,60.73935828384845,57
1702101008767,4.412878395124806,7.075197067174033,61.167616003293155,58
1702101008820,4.342877635017953,7.013444669446965,60.757743041084524,58
1702101008874,4.289123124228475,7.007422302045339,60.695512829422285,58
1702101008929,4.281007833108671,6.9986983194538395,60.798401814927864,58
1702101008997,4.278143247465196,6.951681156908908,60.59425728456675,58
1702101009051,4.302598117262915,6.960228598758681,60.66834286346082,58
1702101009108,4.32912047024333,6.967862727680414,60.76668711222897,57
1702101009160,4.316224916646996,6.754935674842784,61.100964939207266,58
1702101009209,4.436677862196206,7.054996044904563,62.65239579055516,57
1702101009262,4.458742226201909,7.058656791576162,61.99674611172891,58
1702101009313,4.399127977807197,6.975368688126427,61.36621140204067,58
1702101009361,4.366968290068987,6.953940955899724,61.15198525656055,57
1702101009413,4.360783224055678,6.92397324785266,60.962798552203964,58
1702101009473,4.350085781745432,6.909534055584659,60.736509787014704,57
1702101009532,4.355120220362291,6.891306896296912,60.47797719420216,57
1702101009597,4.367468349226054,6.871726284803233,60.29022116528695,57
1702101009669,4.396478032646586,6.849800230609081,60.160891380337965,57
1702101009727,4.4016041410235145,6.812767295792441,60.01558523959322,57
1702101009787,4.394159639010666,6.778953133494483,59.98562768623049,57
1702101009865,4.41416796906794,6.7472983089970056,59.99516234670096,57
1702101009921,4.429200564102567,6.732394089166731,60.23013684203544,57
1702101009999,4.3796618534868434,6.669943842999431,60.093661570318176,57
1702101010058,4.327384305452881,6.635550196990922,60.180217089797985,56
1702101010120,4.361524773428267,6.653033916214215,60.51144337795225,57
1702101010192,4.33933806864065,6.614671871168264,60.36378217469757,57
1702101010253,4.298364867740223,6.680340411223119,60.76202702949708,57
1702101010328,4.16708964420699,6.671959630832148,60.75331545466059,57
1702101010389,4.088669565725104,6.649452579553855,60.848613401553806,57
1702101010448,3.9681716112461642,6.633362694113011,60.81516973676649,56
1702101010523,3.867443787228817,6.614926713227211,60.69692665721318,57
1702101010586,3.8132129460395947,6.585180662682464,60.60945659513146,57
1702101010646,3.7637278582024436,6.567365623940927,60.59877692258083,57
1702101010721,3.7412368113835144,6.528222335716973,60.280220579564485,57
1702101010778,3.67862676967449,6.569720163962044,60.405064855956375,56
1702101010854,3.679504215691731,6.5941568467681755,60.49147786087081,56
1702101010913,3.6843818793587566,6.594349947261275,60.531679332293,56
1702101010973,3.651455243607232,6.562781718935311,60.29860608443958,56
1702101011050,3.619301052400954,6.560073473129807,60.23791673046238,56
1702101011110,3.591301591081372,6.607497719576099,60.62582215024867,57
1702101011167,3.5851227923423155,6.580288540914528,60.24298955626803,56
1702101011244,3.5657447269448292,6.6102607781277545,60.977321544670595,56
1702101011305,3.522057064136277,6.55037280334412,60.62949834882803,56
1702101011379,3.476219863174485,6.565432971235936,60.953662151933756,56
1702101011438,3.3945011439648614,6.491690145322007,60.42661957575163,56
1702101011500,3.3421380942319048,6.4428265234242135,60.162747865432614,56
1702101011579,3.341058609960266,6.374819153113987,59.87901656063776,56
1702101011636,3.3116377244179604,6.399004995771318,60.34866362339661,56
1702101011726,3.3061288577904104,6.422653672260663,59.735414027758,57
1702101011775,3.2728462105782126,6.413614957111958,60.01626045484219,56
1702101011826,3.1834028840722786,6.3388747401542425,59.283086903131505,56
1702101011910,3.047737936818935,6.238692174555728,58.584554677726445,56
1702101011964,3.096848148110581,6.215649817548965,58.87869152779551,56
1702101012025,3.1453597565154645,6.20176526805194,58.863648212756566,56
1702101012099,3.191736851376384,6.236486744466835,59.35795092889098,56
1702101012158,3.1763520194904764,6.179306315102896,59.02482266194649,56
1702101012234,3.1672395426813016,6.172346183008057,58.97319942158294,55
1702101012292,2.926769467604647,5.781387195723937,57.701992319109046,56
1702101012357,3.0591217104781516,5.879684681614148,58.69887998855404,55
1702101012428,3.2704915135740915,6.1580909489558655,59.906077631554915,56
1702101012488,3.285210813694887,6.150824387144528,59.196896295555206,55
1702101012551,3.2725951423882673,6.143082652247924,58.949480731015356,55
1702101012627,3.2951897484817474,6.1006447126938035,58.64999883393915,55
1702101012683,3.292639371269359,6.0969820916953115,58.80468572357521,55
1702101012757,3.2968620974365184,6.094735412697338,58.854557943306354,56
1702101012817,3.2794341524452593,6.079036456049865,58.72793481571115,55
1702101012877,3.2851310016845834,6.078021528523415,58.74375773343824,55
1702101012956,3.2877005617421293,6.065332464841074,58.720532317092626,55
1702101013014,3.299184466612756,6.0485050025060465,58.696832446842734,55
1702101013090,3.373724019789249,6.110091085115439,58.90770682147635,56
1702101013153,3.3933807653029255,6.08651421779171,58.69908183403436,56
1702101013208,3.391337788507525,6.053071554305783,58.5046926611767,56
1702101013284,3.393290140923455,6.039525614586487,58.49697935186767,57
1702101013342,3.3956094890662762,6.0464747141566475,58.493557059264106,56
1702101013404,3.392570407088677,6.05647412905108,58.51885750626027,56
1702101013480,3.4012468482510534,6.107933916961509,58.78737668118342,56
1702101013538,3.354552991587784,6.117223838378078,58.73535638458237,56
1702101013614,3.322495871659108,6.162895846870344,58.86844386203975,56
1702101013673,3.2948232590098447,6.1957320577668415,58.84268602423919,56
1702101013733,3.230220829989895,6.173750695446735,58.537846904245015,55
1702101013810,3.225258949712432,6.197917049457551,58.7620460864853,55
1702101013868,3.195857415558493,6.189390396952134,58.60969324462862,56
1702101013944,3.1778672952186633,6.182160808366778,58.6911655997347,55
1702101014006,3.125289502630101,6.170930764645665,58.776215104376824,56
1702101014075,3.062300682225979,6.144887316336882,58.60214165425401,56
1702101014139,3.058303572214222,6.151358974894855,58.774394380779015,56
1702101014199,3.0362968923462486,6.124322990191707,58.732490072862845,55
1702101014260,2.9922333367030394,6.129107447924429,58.84902323905557,56
1702101014336,2.918375846841621,6.17612046682233,59.104900144809434,56
1702101014392,2.6966874643292256,6.306688070721762,59.05887771022212,56
1702101014470,2.6699138721407882,6.322969394756694,58.7520524630658,56
1702101014526,2.692567650872075,6.336389644048078,58.77758999258587,56
1702101014589,2.6569137725508782,6.2735830414891005,58.52074872008971,56
1702101014665,2.68908364779087,6.27743773712516,58.73741017672742,57
1702101014723,2.769196584118587,6.345394031503294,58.99000111868292,58
1702101014801,2.73238220652395,6.330690224410472,58.6510893394186,60
1702101014858,2.5274689311103433,6.339894365700592,60.00456960984105,61
1702101014920,2.384907997736822,6.208156851223395,60.94459862024743,63
1702101014995,2.1891677896053277,6.077641827620459,62.24771044131487,65
1702101015055,2.119242296023729,6.000202697667199,63.51258009436727,68
1702101015129,2.2194619472854833,5.943190767419457,66.13746087969548,70
1702101015190,2.391332594724876,5.772275344051586,67.6964266819953,72
1702101015246,2.5040483584108255,5.722991110365718,69.58883491987628,75
1702101015326,2.603264696038341,5.723917925886821,72.02414005538334,77
1702101015381,2.717629729700039,5.690867181715079,74.1921292256606,80
1702101015456,2.827629576669652,5.760430048246303,76.29334051003755,82
1702101015517,2.8531237688302378,5.867442447551396,78.21430151905082,83
1702101015593,2.868012185178301,5.967290009978549,80.55581264481755,85
1702101015670,2.8179535673567235,6.184729945336271,83.65524727076188,86
1702101015728,2.5442204217900444,6.30640147292552,85.96071161747346,86
1702101015790,2.145443031398962,6.198564322772469,87.90253487989052,88
1702101015867,1.6392222275808723,6.196636616824833,89.5092894302305,91
1702101015942,1.215792720866264,6.24394750258296,91.76995447191156,91
1702101016003,0.7785706292376912,6.171851160077588,93.34375904566267,96
1702101016081,0.33374747585447667,5.935944567478795,95.48632116948933,96
1702101016132,-0.029375135402001186,5.9122848393834495,99.07428835075301,98
1702101016208,-0.48365099459177086,5.927882174106595,100.32539038910278,102
1702101016268,-0.8455441614456459,5.950780968375996,101.44836698732385,104
1702101016344,-1.2192110940830794,6.104303649606341,103.75323722282364,101
1702101016406,-1.5366672234487813,6.212781953478351,105.01871126358213,103
1702101016477,-1.765693411009132,6.335287856314077,106.53299102921706,105
1702101016555,-1.8501557325093474,6.340066528930468,106.54387754944754,105
1702101016612,-1.9731361199320447,6.207196512357161,107.5978271965618,104
1702101016687,-2.2043872950877472,5.959278117573241,109.0888535006122,108
1702101016747,-2.643465379275223,5.765602533464222,110.95262689483863,108
1702101016821,-3.4908204011675563,5.773209324009436,113.00697781942992,108
1702101016897,-3.899688923250948,5.780862915554421,112.79129186709805,110
1702101016974,-4.793580867978803,5.852353706718431,115.49918726962278,114
1702101017034,-4.981446897186957,5.774062998163454,114.93484438467266,116
1702101017092,-5.511650877733408,5.5480486583151105,115.31340271930321,117
1702101017245,-6.401810563265126,5.524788798512284,118.5371991551233,119
1702101017305,-7.0350339244387765,5.486125723354341,122.25340963625955,121
1702101017380,-7.621781602604533,5.3177043090541405,123.26551470880092,123
1702101017438,-7.881595818283411,5.264919433976468,123.94675008873189,123
1702101017517,-8.028040076190386,5.43043756736865,125.76127657183918,122
1702101017593,-8.01589288292184,5.4456790880377435,125.86405035637723,123
1702101017649,-7.874310614045004,5.415781068266231,125.03957670145367,127
1702101017726,-7.795801730203711,5.38115099534959,124.95568040753056,129
1702101017796,-7.757449543587177,5.471675843380916,128.0155841032207,130
1702101017859,-7.515328087015142,5.4309756743630375,129.55898496652622,131
1702101017932,-7.108035781976252,5.255078371383399,129.42238110880714,129
1702101018009,-6.7397127138534865,5.226116652746813,131.12507827915593,137
1702101018089,-6.330213119146469,5.102601728216711,135.9572874660927,123
1702101018160,-6.099437490469859,5.003159466533456,134.79070061334284,124
1702101018218,-5.587787434553757,4.906125194023122,135.86405086561354,142
1702101018305,-5.049323431069338,4.983119628768483,138.4435906377557,128
1702101018363,-4.456764155737231,4.94746945813585,138.1512326843906,141
1702101018427,-4.071291387421806,5.06829033051884,145.00842468353738,144
1702101018504,-3.5336710894405634,4.8549610330231365,142.02648622962596,146
1702101018564,-2.7796822171518865,4.669716374120216,143.56310186849979,145
1702101018644,-2.2241739824417492,4.656990135654675,146.7962681464631,150
1702101018714,-1.8381109792941153,4.716515734800944,149.88448387086152,151
1702101018790,-1.2317827229925846,4.506708469008943,145.66825212934808,151
1702101018864,-1.0336392733858224,4.494224242889201,148.93415621862383,153
1702101018928,-0.14768693354239995,4.524560798291537,152.381048364034,154
1702101019002,0.3379812014859592,4.490685104859175,155.16116733894654,155
1702101019080,0.8692263874105571,4.385640284104877,153.72032533778122,145
1702101019151,1.5214011666542524,4.344741262446168,155.67986403874718,143
1702101019209,1.6966519723297333,4.290553452397456,155.91292968248857,144
1702101019288,2.443676668208401,4.412405300194304,160.82485300339073,146
1702101019358,2.682511375410132,4.279784845779548,161.759778268975,163
1702101019432,3.066311911040914,4.321934363937684,162.70788598184163,164
1702101019494,3.1882212538862724,4.239916478186672,162.26132129411752,164
1702101019603,3.6840224911156607,4.352198713207778,167.6630969436385,166
1702101019654,3.7396313531144565,4.225021575927898,164.84559959056176,167
1702101019728,4.272637981049365,4.372664445268939,168.20374075753426,167
1702101019793,4.441150627337389,4.3245930632290905,164.56164632027534,154
1702101019856,5.134047134019542,4.168816735296627,167.0394650462162,154
1702101019927,5.550426486202853,4.330625237380125,172.11795152868055,155
1702101020005,5.688319326805397,4.1849890727509935,169.07948063451448,156
1702101020080,5.788925696415667,4.122356327192943,168.7203775292305,157
1702101020155,6.266676752324836,4.122983893313504,171.3136581499422,157
1702101020214,6.493948957877343,4.187901717270582,174.62483214773272,159
1702101020289,6.631380495591662,4.173772555320877,174.34787830803424,169
1702101020394,6.808542046106841,4.220254990134606,173.83124186295592,162
1702101020450,6.904865342066958,4.206075115562574,174.9542171701984,162
1702101020512,6.945161456365579,4.123358115974408,174.713167880267,166
1702101020590,7.053348186626132,4.1481947124545115,174.67377032430412,161
1702101020646,7.434452433209256,4.113714271849672,178.03934233819177,175
1702101020722,7.436406514590368,4.024113312414992,177.3798698010697,175
1702101020800,7.4849782553806925,3.971865877995788,175.88306498284692,175
1702101020874,7.693751458644729,4.047131604557411,176.51044848556276,177
1702101020952,7.999865303599555,4.061420631441697,179.20797199603047,177
1702101021008,8.09422224890206,4.116434603893373,178.97966285570755,176
1702101021089,8.047540626185066,4.085393455954577,177.67551371824345,175
1702101021159,8.310214889022552,4.173226075950714,179.95126266410247,168
1702101021238,8.438366919743498,3.942360752459046,182.65759366269418,163
1702101021308,8.387039427530649,3.7434321805146555,179.13324102134985,165
1702101021385,8.30908031361662,3.7565014972619206,179.325746120167,163
1702101021462,8.275936532264858,3.9796764368704025,180.78068456138723,163
1702101021521,8.357756944680604,4.182043249180163,182.82376938040616,163
1702101021594,8.153432445443945,4.21521794860976,182.02744853916326,161
1702101021669,8.049217889739722,4.189644523188508,179.71060447936898,162
1702101021807,8.11931412571887,4.243204913421625,180.7836349437015,161
1702101021859,8.032202882444288,4.233305065781871,180.56674403739862,163
1702101021913,8.165036298251115,4.245727820863373,181.29183830463327,161
1702101021978,8.085974597826462,4.271810225586905,180.744531581851,162
1702101022040,8.09992711056919,4.26213366547675,182.60508140464688,161
1702101022102,8.022520363241455,4.286150661823667,182.8638096950414,174
1702101022191,7.9825947328916085,4.257002598693288,182.1946546391118,162
1702101022241,8.113316100143955,4.374166370674924,185.5548735645237,174
1702101022350,8.019304955460091,4.352691730860812,184.7171841128057,174
1702101022420,7.956956933836798,4.310740469845767,183.06011397974842,174
1702101022469,7.871998377516708,4.334350127419443,183.52151062296113,172
1702101022555,7.904505917531873,4.3118132438410335,183.19855748176386,173
1702101022613,7.849713304760285,4.334736282361187,183.27213074194768,172
1702101022672,7.881098289560564,4.357752072206421,184.10887647839476,162
1702101022753,7.740761481897864,4.300555339065075,181.52569366816616,161
1702101022824,7.739029483286977,4.309639312228836,181.45937006869065,161
1702101022949,7.768522644668973,4.3171774834228565,181.72508241956376,160
1702101023084,7.80524745542301,4.269283678397357,182.7448227011254,161
1702101023133,7.85335186057498,4.314234515159326,183.67015938033543,166
1702101023185,7.8166483678728556,4.250528581462936,182.59784927922033,162
1702101023260,7.869820087290011,4.209474574043161,182.60800770732553,161
1702101023386,7.766322932625269,4.184560702293541,181.10406494951533,161
1702101023437,7.7818884569340145,4.16335672493198,181.50714651859033,161
1702101023488,7.743816615107366,4.1510636936225405,180.22011774304386,160
1702101023542,7.790810631733473,4.092343848477297,181.10601612857806,162
1702101023618,7.77146118950548,4.063940949317548,181.52439333281546,160
1702101023694,7.861935239016586,4.1192656724205055,183.73908500188804,162
1702101023808,7.865066068827257,4.076710823765129,182.81802744956374,160
1702101023857,7.835548445390204,4.055485321982925,182.78621253618377,173
1702101023912,7.599975776034181,3.9768604536672583,179.50740170955274,173
1702101023977,7.59823578726106,4.00990280922522,178.99975897855745,173
1702101024058,7.438115861351823,3.9518304330586678,177.5019983624569,172
1702101024142,7.398779914677193,3.9363729777438525,177.8589073902599,173
1702101024194,7.2895893991605645,3.945120849440749,178.31506495104892,173
1702101024327,7.040073627089625,3.82733888948698,175.41236455040374,172
1702101024384,6.849565227468584,3.8460542458275015,172.97779948718446,172
1702101024436,6.86817846600084,3.9341440677999278,176.8832556579786,172
1702101024487,6.730192220684904,3.9405960334412082,175.69854037950913,171
1702101024565,6.644954904709073,3.979747796815287,177.30135874206536,170
1702101024640,6.527699981808768,3.991702741635059,178.07731816153927,169
1702101024696,6.391989851848343,3.9390790005466716,175.35329944269634,167
1702101024773,6.423587886820431,4.044335855373264,178.23860922138226,165
1702101024848,6.195542080231721,3.9479920277790006,176.28673991408675,156
1702101024925,6.033528463304667,3.9480357599881715,175.6935272907537,155
1702101024998,5.850358777585945,3.845214004325906,173.62711341330086,156
1702101025065,5.736001435404037,3.8384355843574607,171.53063077494735,153
1702101025131,5.666217632579142,3.9020957637793616,173.1378826276612,162
1702101025258,5.4954191004229935,3.755768426454988,170.44817308952952,152
1702101025309,5.326061036981709,3.719668966808923,168.84983108768378,166
1702101025374,5.3982492248952445,3.8127268697693704,171.32214593768327,150
1702101025427,5.168738565244187,3.834585476413459,171.02362997768964,149
1702101025493,4.881332021720964,3.951470769892845,172.76515621516373,148
1702101025574,4.638443124330969,3.8855964271741295,168.6915368619793,150
1702101025627,4.410025349857726,3.7648657210049037,165.2442248515287,146
1702101025704,4.3883009023169475,3.8297180153101316,166.8219235846064,158
1702101025779,4.108316234236299,3.798253787692982,165.8078205854015,159
1702101025853,3.9312856090819137,3.709858833835628,163.91691120299956,158
1702101025917,3.926382592068323,3.745279699317681,164.99057378963363,142
1702101025993,3.3160184751912474,3.5325224118656315,163.49908139015747,142
1702101026063,3.183908699359885,3.531027012790879,161.96454875397075,153
1702101026140,2.9299692772498362,3.4890311671082435,161.0069025257521,153
1702101026217,2.6405391119399484,3.449181727357733,159.56489087159994,153
1702101026291,2.43627578539614,3.5870405306509023,160.7108867730342,154
1702101026350,2.2052371611512926,3.489315112086646,159.69873520670595,153
1702101026427,1.8816916825030272,3.310599056036307,162.45523536803225,153
1702101026485,1.555737294672865,3.036062632189692,161.97163100512392,151
1702101026566,1.5699619953425978,2.9045907364962673,161.894411573193,151
1702101026633,1.5810355310383144,2.86923547989267,159.90768088293092,149
1702101026712,1.5696341109805396,2.954098594532845,158.99489328395836,151
1702101026800,1.6361269860988858,3.0500848142164227,159.875761448718,148
1702101026852,1.6015369588059671,3.1078643227480787,159.11406404612234,153
1702101026918,1.5164620770569428,3.0622002838758946,156.19217959838275,153
1702101026997,1.5030055060157266,3.3514685293670876,156.04605459919696,153
1702101027072,1.635691507914537,3.550708603715983,158.71454371805874,153
1702101027130,1.5185515706987818,3.3030073796401025,156.64751010503554,154
1702101027205,1.6619639715173202,3.1603452244066084,160.44873397328394,155
1702101027276,1.7550154546481005,3.085997481103655,158.4766699929007,149
1702101027353,1.7578161719086136,2.906597661633545,159.21916560473295,155
1702101027413,1.8435737917540949,2.7883587221042694,160.5910002429249,136
1702101027490,1.7698461574773772,2.6775400612420115,158.80753212335514,136
1702101027563,1.707336618170545,2.508791423004339,155.8979460216632,137
1702101027716,1.7211635807083272,2.4428906543908626,155.94773332865714,136
1702101027790,1.690132806995196,2.2930022100089595,154.66125055186995,137
1702101027848,1.7589596051686416,2.2179418699413245,156.27146593800248,135
1702101027925,1.7502222932907718,2.1119940377804185,157.65644848618817,134
1702101027982,1.7091634225440677,1.8940373351363338,156.53913231605532,134
1702101028060,1.8340169829716018,1.9801248011737378,159.51898564924656,133
1702101028120,1.8540704368345764,1.950157977561145,158.07078386565428,134
1702101028196,1.8357602465042702,1.8937535889615382,155.42896963828252,133
1702101028271,1.8166842405823695,1.8159738058902515,155.55619021925074,133
1702101028327,1.6360207341266606,1.731002708863432,156.12914656289544,131
1702101028403,1.5159783417332167,1.5355113584337245,153.17005476654427,131
1702101028479,1.4722858217039785,1.4844196766958562,152.10523864064902,132
1702101028544,1.4832588646963227,1.484549176680249,152.04903434111552,131
1702101028616,1.5006690768816233,1.4937571302416828,151.85461620688116,144
1702101028689,1.4631402032429932,1.498658727847784,151.01859569464415,138
1702101028764,1.3683304413091186,1.475570582160511,147.8066405294297,141
1702101028822,1.2222618116455206,1.720509385671841,147.4933457143975,139
1702101028903,1.124393554660766,1.816215102469886,147.9442459880443,136
1702101028974,1.040639128993773,1.9738405269286108,146.41688987790434,137
1702101029035,1.0405106934885686,2.039326987926853,146.12663261909685,122
1702101029107,0.789145413118305,2.5344398060229785,145.0990308423853,120
1702101029188,0.7534126794118259,2.8219931096272015,143.09989434623014,117
1702101029244,0.7994841601065823,2.8051797695622502,140.29021792777894,118
1702101029321,0.829326278594062,2.8111298452024904,139.99302236745663,114
1702101029381,0.8006797076676542,2.800152152407074,138.7827270113065,114
1702101029456,0.7236161314971322,2.782730891477065,137.9126476950178,112
1702101029531,0.2610759990966701,2.8065747531621574,135.7942344449398,110
1702101029589,0.05252907385605646,2.834932813561361,130.6421914918437,109
1702101029662,-0.30578977520676615,3.0841706704570804,131.17279777099824,107
1702101029726,-0.639214871391033,3.2907982901139996,128.6387596687074,105
1702101029800,-1.1555600139865276,3.4633227156896664,124.49691107544211,102
1702101029884,-1.3296955558535934,3.4432538334435168,124.70271092173023,102
1702101029939,-1.4230371671640574,3.4858914095474134,124.02606756876993,114
1702101030009,-1.3452260075738516,3.4834742233763483,123.69127045515475,101
1702101030075,-1.2393198357246236,3.3309192668806333,121.36208846124217,100
1702101030143,-1.1369773207658809,3.2505032325025858,119.5198260870985,97
1702101030202,-1.0040912148866135,3.4209749269124616,119.34163870224917,96
1702101030295,-1.10654963867637,3.3990644812298147,116.67589753155994,96
1702101030349,-1.0823382905678662,3.615407638519531,118.0441477187991,106
1702101030414,-1.014557295667714,3.69011429789432,116.58151658928536,106
1702101030488,-1.0231263629802898,3.6321277128835763,113.72930364570871,105
1702101030547,-1.092800667417082,3.750138146717265,112.09663247030659,102
1702101030625,-1.1540284929835674,3.7606825154346972,110.72044988792317,100
1702101030682,-1.1363559516000674,3.7445181648765375,109.36300597627555,99
1702101030760,-1.1370867789074683,3.6973873848110164,108.03508327521412,98
1702101030820,-1.0756370877578016,3.591148506632571,105.39157095415568,96
1702101030911,-0.8384023158612524,3.5445222999510775,103.37136657498385,95
1702101030964,-0.6160481591603546,3.7489443263839783,102.4032959594829,93
1702101031030,-0.3848216803565678,3.872101193923884,99.84668638346614,88
1702101031103,-0.15449650580862317,4.1283930422853325,98.24358615286405,86
1702101031168,0.23492694899046393,3.994825549810645,94.39462444959135,87
1702101031228,0.3905680798875033,3.9379512230894425,92.75596999533282,86
1702101031301,0.5023924640350375,3.9411749252344355,92.48000806635869,85
1702101031359,0.7018008869741489,3.79982825370827,90.53077429294468,82
1702101031494,0.8880873157865656,3.891749802603353,87.98244658781364,79
1702101031569,0.920013380101176,3.9231406284205623,85.72654078642249,78
1702101031627,0.9476687876498066,3.920189177360733,85.10346033259988,76
1702101031703,0.9526973353729166,3.914889730554208,82.36589561493334,74
1702101031765,0.9718807549892688,3.9138761284741346,82.06018115795078,73
1702101031857,1.0460103030176495,3.9474424164656354,79.24091496138719,71
1702101031911,1.0897697947328557,4.00169236923006,79.05934200708231,69
1702101031960,1.09542698534085,4.153782003971453,76.38579716904547,67
1702101032038,1.075289995476905,4.159840463273322,75.88659538468389,66
1702101032099,0.9887099565468104,4.182668010461819,72.99572454296208,65
1702101032168,0.9655209924683434,4.216332713435129,71.61831874912178,64
1702101032228,0.9069845576219295,4.223671911180743,71.10304419945363,62
1702101032321,0.849185517486528,4.203469518321552,69.28263735317843,62
1702101032372,0.8593863462766135,4.222851844322857,68.1314730033623,60
1702101032425,0.9083460332721226,4.1701773838641145,66.4493899653359,59
1702101032500,0.9225673908331586,4.234153682555557,65.49465523041377,58
1702101032559,0.8251484906166704,4.113402754667932,63.460999223886446,59
1702101032657,0.8082366528226049,4.15413918922412,63.294476156912545,59
1702101032709,0.6772531830118657,3.688495580729336,62.246683217890975,59
1702101032772,0.7044689056357041,3.2634796999753246,62.09111608904109,59
1702101032877,0.7583844339248252,3.2182945867957837,62.03514639287862,59
1702101032930,0.9624772992828458,3.4762791329752702,62.74859249297177,58
1702101032981,1.0099212572626068,3.298172437175709,61.74684752508027,59
1702101033036,1.0414206290867034,3.45575681082746,62.9546721686889,58
1702101033092,1.148595207664514,3.475229659227241,63.61505391215253,58
1702101033159,1.139685627485312,3.613298245525479,63.31934782717308,58
1702101033221,1.1016811490054876,3.46353643773434,62.833779124650846,58
1702101033276,1.109307021329411,3.453908812790941,62.71131151228308,59
1702101033360,1.0159337471226855,3.5653183570969906,62.746651080223664,58
1702101033412,0.9432535824507082,3.4643407956992194,62.6934390017042,59
1702101033488,0.8517612085811899,3.528275982592329,62.41700976874855,59
1702101033547,0.8198200723296484,3.517421568426811,61.79936217988549,58
1702101033607,0.8104341540115867,3.6016648279719568,61.66075797522722,58
1702101033682,0.8263716605404675,3.506165605009619,61.72747961835287,58
1702101033757,0.7674212565774468,3.517075901910171,61.65753752116489,58
1702101033825,0.7647563003779903,3.4657267997194405,62.26397928127024,57
1702101033898,0.6895680979819224,3.49870109344054,61.77608906546162,58
1702101033949,0.6906575979974264,3.397271481912013,61.9514861524291,58
1702101034012,0.7512619762281859,3.3641498488054147,62.58741918505563,57
1702101034080,0.8171544107235528,3.283555494210997,62.05329586541492,58
1702101034133,0.8278166745435465,3.297329599999777,61.76528217003187,58
1702101034210,0.9107064951271888,3.249644242160957,61.383642946009545,58
1702101034270,0.9434331920680212,3.2929903607517628,61.706771921843654,58
1702101034345,1.0115949552117929,3.260369040672498,61.585116628780646,58
1702101034403,1.043666991923843,3.2738150706730633,61.44372843253193,58
1702101034464,1.0783508946064848,3.301517446187926,61.84084684842161,58
1702101034541,1.0189644653796874,3.352776817244473,62.108522966563655,58
1702101034598,1.0287573460764035,3.321751215000553,61.55117699274929,58
