1702101135121,3.752884683367615,4.525903263897465,41.768333184497465,38
1702101135177,3.795530595507403,4.52777300698472,41.97154207847274,38
1702101135257,3.7601577212931683,4.459203924641017,41.41721876453782,38
1702101135311,3.7463337211830003,4.452677518002517,41.50926660591807,39
1702101135371,3.6992554065265093,4.416267550722488,41.607051461018735,39
1702101135449,3.6780843883392906,4.402618672469515,41.67900780891367,39
1702101135505,3.561492726463583,4.399132108008671,41.816073442772876,39
1702101135566,3.5082126028000165,4.427484970521296,42.073142783828466,39
1702101135642,3.4801266340391765,4.436038396322221,42.055759323772556,40
1702101135701,3.338564865595081,4.612288084010235,43.24666674444329,40
1702101135764,3.280413557570647,4.608635598632819,42.94478856991747,41
1702101135821,3.157288407879328,4.7816645480984326,43.838661837231996,41
1702101135899,3.137355653569397,4.77288449783131,43.65574292998889,42
1702101135957,3.1555715906076167,4.811796031240633,43.866344125291704,42
1702101136018,3.1626394997502985,4.768682505219074,44.209042019633344,42
1702101136093,3.1710313404718136,4.707592775377405,44.50627446491127,43
1702101136153,3.1708307239714735,4.701836140906849,44.905665454565586,44
1702101136209,3.0918398689370896,4.723324672548632,45.283740986651594,44
1702101136287,2.8979754771398603,4.754508565213306,46.42130412960731,45
1702101136347,2.6878996159228907,4.698850996047945,46.49420683070168,45
1702101136406,2.498729773863,4.733368136182164,47.36885046870119,46
1702101136480,2.374325326190034,4.707402926348858,47.38809791928055,47
1702101136546,2.082144380998228,4.739490285365167,48.83831012268417,48
1702101136618,1.9239022088339925,4.69705451594162,48.83880254229754,49
1702101136674,1.8433707261393266,4.714778556301518,49.38268883993085,49
1702101136735,1.779678079867188,4.672224778398696,49.84736964744036,48
1702101136811,1.8450642921724638,4.70983673960025,50.721302969652776,49
1702101136871,1.90687590518076,4.897552342203924,51.90165612083362,49
1702101136930,1.9594217862085388,4.862077313020615,51.577009156224676,49
1702101137008,2.00483583552175,4.7212301341178184,51.716895393725615,50
1702101137065,2.0202173324738815,4.688865771515329,52.23540984720077,50
1702101137124,1.9418954792296552,4.571286604100847,52.31209305592163,51
1702101137198,1.8705713493812346,4.550803606714852,53.21913986422803,52
1702101137276,1.787596878583126,4.5174632355600846,54.071305042476,52
1702101137335,1.6255107141557366,4.519122942350638,55.1317609613305,53
1702101137395,1.4813061467335773,4.4785061501014685,55.392175835102684,54
1702101137456,1.3773121533580182,4.631752199791526,56.30755105109838,54
1702101137531,1.2441180823035896,4.755173368952632,56.988168787276365,55
1702101137593,1.1751886355661108,4.789547832547263,57.525623977908445,56
1702101137651,1.058933243782697,4.7582780543691,58.21742670961579,56
1702101137729,1.0341178957983113,4.693827593200447,58.14112757764892,58
1702101137785,1.1320749801497882,4.869750986802256,59.133473453438285,59
1702101137863,1.2968815582926416,5.116821942911626,60.55108466666641,60
1702101137930,1.3599362157418136,5.145600292317664,60.9717773800909,61
1702101137992,1.4726752599846278,4.939192180535146,61.264640645110745,62
1702101138055,1.47843128039849,4.995838030183973,62.005776910465684,63
1702101138166,1.2792882564091101,5.222059415698118,64.376641347788,64
1702101138219,1.146808379852552,5.227152809614088,65.13121193174096,64
1702101138269,1.073628705638804,5.1636528799888035,65.02770276645288,65
1702101138319,0.955495882612437,5.034896184705528,64.85457004817738,66
1702101138402,0.9550093239930011,5.036471021618383,67.22980289138958,67
1702101138460,0.9442039088879938,4.983983320631464,67.02174543758213,67
1702101138568,0.9166258491643369,4.9501421498606675,67.80862151790848,68
1702101138619,0.9186495320268777,4.986429641305551,68.56277755066156,68
1702101138670,0.932914169326584,5.02576334056547,69.65232941992653,68
1702101138721,0.9769091967891511,5.024600942279865,70.19241699921244,68
1702101138776,1.059712377149674,4.879024677487656,70.3405177996222,69
1702101138850,1.0762042027449956,4.945128658498102,71.40358513617586,68
1702101138913,1.1833659379433852,4.936855791053158,70.73981938179472,69
1702101138987,1.3515088629393226,5.061627557357623,71.95122071163541,69
1702101139048,1.6402322554509234,5.087672708394835,71.74227622737529,69
1702101139121,2.0187056907244574,5.050559780855714,71.18337427643227,69
1702101139180,2.3010756762575912,5.136386875190855,71.72949222108073,69
1702101139242,2.3324050016671922,5.239163373473848,72.2048564844996,70
1702101139317,2.2979623416529598,5.261763815160518,71.55251186616043,72
1702101139377,2.1964701016957577,5.280040362498648,72.07787628872829,72
1702101139451,2.0557300830112175,5.334848270284128,73.55706481880887,73
1702101139514,1.9066436201835255,5.3179388597863255,73.84923566554485,73
1702101139584,1.7100783320682589,5.179299633411032,73.90615382764553,76
1702101139647,1.7504874651043654,5.0160352114885844,74.61766099053987,77
1702101139723,1.8084583017411549,5.014179649857197,75.90112116583025,78
1702101139782,1.9103614727009899,4.96134363873439,76.52736016162564,79
1702101139878,2.04152991302577,4.9975077066027405,78.26467124298017,81
1702101139933,2.185254215953242,4.966691033816995,80.4658447568224,82
1702101139991,2.2968981308222256,4.843577580131536,81.61478991072428,83
1702101140053,2.3983898155413432,4.825496344806793,83.10215086429577,84
1702101140126,2.535975090571436,4.924367011648954,84.87495823951689,84
1702101140185,2.572513158018949,4.923827462284733,85.31257952614996,84
1702101140251,2.814315422394018,4.964025316303904,86.14980585111402,86
1702101140320,3.2310156006941813,5.139375041682384,88.14816274266578,85
1702101140382,3.4145981896386446,5.137529683968939,87.63943677217938,86
1702101140463,3.5551865928905464,5.049714245897869,87.96159381937065,87
1702101140532,3.479981316168155,5.007230337397767,88.74324055720359,88
1702101140592,3.39166066834493,4.989744264886908,90.12836163890888,89
1702101140672,3.0462437953030044,4.866734464216644,90.35931834618917,89
1702101140725,2.7902769910988425,4.758822621309672,91.34165540826223,93
1702101140806,2.5028168227822705,4.609906693818291,92.03850192857006,94
1702101140858,2.214017446950453,4.380337974042774,92.22489160908732,96
1702101140936,2.043418469149699,4.29273582882047,93.4989132446963,98
1702101140999,1.9262966523588836,4.2814434155008145,94.55388497520865,100
1702101141093,1.9028498706030397,4.269436977149886,96.25892629247278,101
1702101141148,1.8722292521243782,4.321784242627473,98.90422302706017,102
1702101141205,1.811548023878168,4.34474864005408,100.10137255801115,104
1702101141283,1.7802641738444585,4.383738866577818,101.58068555261207,105
1702101141338,1.8030195823525599,4.6866768841655535,104.09899806159405,106
1702101141418,1.824451213900126,4.864966847270949,107.25542533846121,108
1702101141477,1.8087165371950222,4.880891760077768,107.01616963016622,109
1702101141556,1.7750488287510247,4.873299840854532,108.45267032228107,111
1702101141626,1.7053823526382559,4.762214388853058,109.47866756044422,110
1702101141701,1.4801838460192283,4.566662589548994,109.2457262997546,114
1702101141759,1.3392478712326268,4.475988189791927,111.78355866302012,115
1702101141822,1.1419434265314858,4.314007653006822,113.46133760628334,100
1702101141899,0.9558629507571162,4.191496216353359,113.73548080673734,102
1702101142030,0.8129288209563885,4.010030268689183,117.08095752055263,116
1702101142110,0.6854035874953028,3.9014314541470334,118.4645563174677,119
1702101142165,0.6076298327428644,3.7688161484034333,118.5391704739184,108
1702101142240,0.677846700440424,3.755203479575227,122.48979894916171,109
1702101142319,0.694225434430877,3.677326507169379,123.41834191686866,110
1702101142406,0.6633230097861686,3.580534075628483,124.41178975878749,111
1702101142460,0.6418858659254738,3.565815422876105,126.18144789179945,113
1702101142526,0.5635021517984679,3.5322925269941106,126.23305854508098,116
1702101142634,0.4393976307928505,3.3829670485487657,128.93659030579957,129
1702101142685,0.4646401101755397,3.3414319315549115,129.6517884165717,131
1702101142738,0.4818698224919155,3.3326973306328167,131.14226340006266,132
1702101142797,0.4639084252354349,3.269102399785154,131.66663977447823,134
1702101142869,0.48346287603466254,3.202220145540868,134.05766487040043,135
1702101142947,0.4495561189855768,3.1532095333974035,134.9367990653593,135
1702101143006,0.3584758818635523,3.059912548827259,134.18206458707638,136
1702101143082,0.3831655832956809,2.983830370044987,136.0058166952075,137
1702101143169,0.30899653257117,2.948792549442995,135.68661710717217,138
1702101143247,0.31480080143664374,2.9657097661307485,138.3070340669542,140
1702101143299,0.2662332361355345,2.940802609332271,137.72999620921314,140
1702101143367,0.237283913838987,2.908365760698511,139.8027252544286,140
1702101143455,0.1683057982024696,2.9111887603759494,142.0592420321948,140
1702101143509,0.10722613907288003,2.9071330931090618,142.02687410866955,141
1702101143576,-0.031880733391318916,2.8368367505930197,141.73523494818838,143
1702101143651,-0.08246742491047278,2.8915440923742834,143.2380806624117,143
1702101143710,-0.22775607470192752,2.9110712799016025,144.5862509160782,144
1702101143791,-0.3539122976447802,2.940755840901254,146.02394808647537,145
1702101143861,-0.4188576602183557,3.0058046327904853,148.39417207533504,145
1702101143936,-0.4780927267000631,3.0074926597268727,149.6928415098541,146
1702101143995,-0.51907909144006,2.98761358750342,149.4156332608571,146
1702101144075,-0.5487812056443746,2.887256113300731,148.74194351641262,149
1702101144148,-0.5926686445552908,2.8081519132299175,149.0682733862739,149
1702101144222,-0.5784178307574223,2.740648493248451,150.4731039364921,150
1702101144281,-0.5790127985949473,2.668547238152371,150.9169106611528,138
1702101144357,-0.6255569908990647,2.6140167254718967,151.42041594247976,146
1702101144466,-0.6399466411242565,2.60348068639857,152.36135178823787,154
1702101144519,-0.7586851479248209,2.6076960277493857,154.67863269944257,155
1702101144579,-0.8091277281485405,2.644455117225514,156.29039692099195,151
1702101144751,-1.1306884150759073,2.4477611473819256,157.64720923008971,154
1702101144805,-1.03673635882179,2.4118555194861195,157.77508622870786,154
1702101144857,-1.1398247325625634,2.362679575485179,159.57018713275755,157
1702101144941,-1.3095171669060615,2.327811483387482,159.90586699936387,157
1702101145021,-1.3751980762733418,2.2209310499588315,159.48099361497202,158
1702101145082,-1.5135145185740813,2.327486001863509,161.68792559205275,158
1702101145152,-1.6042973135694014,2.3311155338117366,163.9143811032991,158
1702101145208,-1.7660311147364223,2.3666646287011814,166.06752330340834,147
1702101145286,-1.8542196430802396,2.335781340596865,165.10210377941624,148
1702101145364,-1.8892350424224762,2.3361202014240092,164.2725358521936,163
1702101145435,-1.9174544299997378,2.2960237413797953,163.75288049448739,150
1702101145497,-2.0421578001358083,2.263742016258137,165.64007352322702,149
1702101145592,-2.052004153788932,2.2271070709103853,164.52647042545502,151
1702101145661,-2.0886451460487496,2.2289021389429577,167.7814986265517,152
1702101145720,-2.13640837245777,2.143603047325958,167.21021843458198,154
1702101145861,-2.183107213086934,2.131165908044317,167.2887856688102,169
1702101145920,-2.2709749232594554,2.1286965536049944,168.56906190731277,167
1702101146030,-2.2854188442528947,2.1451200367028522,169.81669851315436,169
1702101146090,-2.3591723737496535,2.091832905055511,171.10021817650733,169
1702101146141,-2.467381412974743,2.006260697949806,172.21290234224256,171
1702101146198,-2.5184334520145653,2.0404299520378615,175.25929651199903,171
1702101146251,-2.6041933455588935,1.9981008938401335,174.32230846023702,172
1702101146306,-2.6418733511399344,2.025985788037152,173.7475245212861,162
1702101146368,-2.880487848724777,2.0118230329694957,176.15572389211087,172
1702101146442,-2.934537123358157,2.0470332890421608,177.53088139631728,173
1702101146515,-3.1191451229447638,2.048386322129782,180.97852242257596,176
1702101146595,-3.3213482840543374,1.973784515703219,177.61369414444067,176
1702101146666,-3.4275385628027606,2.0061129547792342,180.08231331857112,176
1702101146726,-3.6505558263042195,1.9237458452027465,180.7622416272121,177
1702101146801,-3.8042573224566065,1.8073696787626714,180.20518095942117,179
1702101146876,-3.8346402629103653,1.7382170785497482,175.94470000516503,180
1702101146952,-3.980957732687871,1.7095354999604502,179.88792640993265,181
1702101147028,-3.985311431933258,1.7369953168318857,181.22182161209238,184
1702101147118,-3.97291734185976,1.6987750346663795,181.95627737825973,187
1702101147186,-4.046188456266644,1.6841370533596018,185.04341011273235,188
1702101147255,-4.019983995117158,1.6610328083325148,183.89690369406327,189
1702101147360,-4.019092484347609,1.6745652420352095,185.13144425325203,190
1702101147419,-3.9914676133438918,1.6533031456031395,186.1474287967958,192
1702101147474,-4.089530180072194,1.6808870242831309,185.65920907306102,191
1702101147534,-4.2000712123847785,1.8034589645338992,191.38263088977607,191
1702101147617,-4.28055633208523,1.8192391818488431,193.11721045072932,192
1702101147686,-4.352714861428714,1.845803549977935,192.9014417523461,193
1702101147761,-4.318309926969718,1.8405456745546762,192.10443309050254,194
1702101147838,-4.33591493568812,1.8041953221478797,193.1224740510702,195
1702101147928,-4.370105051391376,1.8356261912678766,194.72137102985715,195
1702101147997,-4.323330008149304,1.899565708076262,195.37520239949052,196
1702101148061,-4.3301464319313885,1.8811004258205728,196.3928652260246,196
1702101148142,-4.394394983769312,1.8499565590262117,197.67048256067304,198
1702101148209,-4.480878778862374,1.848144836825579,199.57209139026583,197
1702101148288,-4.596009369314806,1.9624434938887338,197.5442731562016,198
1702101148360,-4.974521684711644,2.1734081213770957,201.55861752685868,198
1702101148437,-5.032528921233578,2.2604994620800443,205.46733208883572,199
1702101148497,-5.041122881430737,2.217688961641042,208.23491112134442,200
1702101148572,-4.945637437140075,2.1072259955457833,206.79109405266038,201
1702101148648,-4.899120064397016,2.0022245592478565,204.1741937689894,202
1702101148726,-4.785000951694926,1.9078885706617736,203.49085553376443,204
1702101148797,-4.892803594761608,1.8864453747991212,206.75561881848955,205
1702101148886,-4.915729597872429,1.9058605391250256,205.9918918114954,205
1702101148946,-4.943154395423626,2.0483927198309475,206.20171097307525,206
1702101149022,-5.181817984875688,2.4997103168820556,209.12185591849408,208
1702101149110,-5.216252132742973,2.565453423133021,210.07049113363922,209
1702101149172,-5.191350583085913,2.7297321911380967,212.44571389433074,209
1702101149249,-5.113907058480021,2.718414461797944,209.52142874126812,209
1702101149324,-5.306281238097086,2.819820297128541,213.0370363941549,210
1702101149401,-5.603605239037544,2.994655483539573,218.241830474728,211
1702101149489,-5.606538092572664,3.319149934757997,220.6866787490221,211
1702101149554,-5.464102129167088,3.611121804211576,218.21348077179607,209
1702101149626,-5.5105612452557216,3.912138355590218,223.05597105337762,209
1702101149696,-5.572439036992633,3.8934911934091994,222.91823371630986,207
1702101149771,-5.590154615327967,3.876473354122717,221.28232114241553,210
1702101149848,-5.530885236303816,3.7429457599129594,218.61970873409152,208
1702101149924,-5.596252655349211,3.670631839934421,215.56917866842807,209
1702101150010,-5.641747445112809,3.6408144587560516,216.19649499746694,209
1702101150079,-5.786613968190498,3.680257035588905,218.10883022298054,209
1702101150192,-5.824266513925525,3.6662714962071927,220.54511750323866,208
1702101150249,-5.664752768985211,3.470332106495147,215.22457095347116,210
1702101150312,-5.702607791963189,3.465706401640765,215.42914907898293,209
1702101150401,-5.795977875860032,3.469904725725902,219.51222650828197,209
1702101150463,-5.912753385517764,3.3209006040370936,216.48466131390106,209
1702101150522,-6.022523122998298,3.335915644540661,219.40526229377406,209
1702101150595,-5.869308967167543,3.33943461282866,217.20272584490968,209
1702101150676,-5.813870749739533,3.270594526690905,216.0208892458815,209
1702101150748,-5.682603486298262,3.2802125638247004,215.24205806308598,208
1702101150821,-5.714364844238344,3.286860250019072,215.73424775384058,209
1702101150900,-5.755196151801225,3.3332942150046962,216.0085727134248,209
1702101150971,-5.690227837216878,3.266668419073131,215.70218628185893,209
1702101151050,-5.738685521882601,3.3055064966852514,216.857146977814,209
1702101151138,-5.7454302715376135,3.2908529350195708,218.1472914408711,210
1702101151214,-5.738025814296327,3.265777930720397,216.3517540530686,209
1702101151295,-5.662361247970358,3.2126643870013964,214.22742688208513,210
1702101151368,-5.726116884696,3.202570886448489,215.5751572025328,210
1702101151438,-5.690969058875223,3.26218555496791,216.7765806287127,209
1702101151496,-5.695474633479879,3.2256203902349756,215.7350397012521,211
1702101151573,-5.757708108844285,3.1169430418697615,219.38576402911363,208
1702101151647,-5.718617719076381,3.179057127147264,221.8802136353097,209
1702101151725,-5.6583643867591,3.215091255550009,218.6788160050501,208
1702101151797,-5.5898217625243625,3.152446319547337,215.99851988985515,207
1702101151875,-5.652574843051403,3.0494216076677363,216.4786303387197,208
1702101151945,-5.751258679435501,2.856108013279665,220.7395867344199,207
1702101152026,-5.753552375342487,2.9615864732738584,219.42259960053158,206
1702101152109,-5.8273544162204205,2.630586018821757,215.16543628314022,206
1702101152171,-5.719091090778719,2.5446676330683196,217.81920015748344,206
1702101152247,-6.003477255778882,2.6739590605251684,224.07666230081202,205
1702101152324,-5.832920149940059,2.578545468931369,219.10310263263816,205
1702101152398,-5.785664842570264,2.5648029652108986,217.79479510146666,206
1702101152474,-5.721149776188547,2.547285909400689,215.73886708671105,206
1702101152544,-5.851034253736255,2.4842648588360294,218.20684409801405,206
1702101152621,-5.651318601006764,2.3639527400227687,213.03489695434388,205
1702101152697,-5.5746165120791416,2.3596143609678744,212.20150315743186,205
1702101152772,-5.564531123321542,2.4623891417365646,215.48370348675473,205
1702101152864,-5.4988510384792875,2.4122552201998846,213.8366496078722,202
1702101152918,-5.4106201505018365,2.4078965574855116,211.86951215990328,201
1702101152988,-5.429415096541509,2.4861225923614563,214.43614970765046,199
1702101153058,-5.42392740046919,2.013411214058542,212.29534016867748,197
1702101153132,-5.5405369417667645,2.0296416580075105,216.12227297707162,195
1702101153211,-5.160407577182136,2.1054887104600386,205.84917938467768,195
1702101153286,-4.81490716818508,2.107802386403492,207.82567134504163,192
1702101153358,-4.777872079756952,1.9193171766514399,206.78775631666022,190
1702101153451,-4.63059344140037,1.7853500874071107,207.54920874890945,189
1702101153505,-4.203589473326845,1.6487548872512858,199.40999907900908,187
1702101153583,-3.9684066003715333,1.5383799196583419,197.62118766555048,187
1702101153656,-3.845809267832326,1.514256718992386,197.33957812449785,184
1702101153730,-3.711896751767823,1.5016808525717569,192.69361737381064,180
1702101153826,-3.7089597403285874,1.523706614113708,191.14268124977673,180
1702101153882,-3.6360634412730444,1.5819881943478429,190.80934881822714,175
1702101153941,-3.7792466013549206,1.5982651550409763,194.9350133400976,175
1702101154018,-3.728884020189553,1.5708784390977295,191.02581944483495,173
1702101154095,-3.589455627905337,1.6054705480627072,186.7095748228578,160
1702101154245,-3.6544127610584214,1.630154929809374,190.16078345554297,156
1702101154298,-3.576785927395425,1.6287132664021067,186.68060935331894,169
1702101154351,-3.507530695297395,1.5867435312013063,183.12558740158633,153
1702101154404,-3.4480413263800735,1.5816714173414446,183.40013006158185,168
1702101154466,-3.2557218499274554,1.5956771530762552,178.24703200408112,165
1702101154516,-2.9993727986859238,1.6000875400442924,172.5989660914207,148
1702101154586,-2.726573056556224,1.837289923587057,171.86276891134318,146
1702101154737,-2.7637579874016893,1.9125997908892471,172.88532182296962,157
1702101154789,-2.6139690701038125,2.2207133334741873,170.64179950452905,157
1702101154846,-2.47463409720516,2.2548295060445454,165.69189223483494,156
1702101154897,-2.0797258600569366,2.374876446644926,164.8354770055063,154
1702101154952,-1.2329011403010364,2.9898456853889277,166.43562928505077,152
1702101155025,-1.1868134484074293,2.786919828398659,160.12361895201045,144
1702101155101,-1.0209356817887625,2.793359557751018,161.57618732174532,149
1702101155155,-0.549361708396217,2.513414361300839,158.2683671127911,143
1702101155230,-0.29848145266018317,2.3831920261684285,157.03702737900616,131
1702101155308,0.2177521653719795,2.287442837837216,151.31242494798957,126
1702101155384,0.4952221913049627,2.4920564862714425,146.10395205428705,126
1702101155441,0.7534935900482392,2.588337313857109,149.382111479665,138
1702101155521,0.8480074581787307,2.530176197774368,146.15635180822701,135
1702101155577,0.9633975348310154,2.523576399180424,146.28833732012825,118
1702101155651,0.9961015899567885,2.5805119514798833,143.43069275134403,116
1702101155729,1.0438989177616893,2.6348353829840736,142.8150126798145,114
1702101155805,0.9655985492606011,2.5498451609397206,139.2601476395265,112
1702101155859,0.8058505150884174,2.5211829140452027,135.94979010364125,110
1702101155929,0.625134311780002,2.492890413686414,134.02713299233187,107
1702101155996,-0.033118558728408486,2.447073535371566,129.9706186937019,106
1702101156072,-0.5700192864363087,2.531041997313432,126.45651676432652,103
1702101156130,-0.8869406799444122,2.687900964120006,125.85625174733462,101
1702101156205,-1.2109167159104528,2.6917273928206202,121.6672805884921,98
1702101156268,-1.3469830222369288,2.6672145296208587,120.10198722270165,97
1702101156339,-1.4660868344552256,2.597284140364561,119.00197614367595,106
1702101156418,-1.495125147338083,2.58833521982961,117.58358108176363,94
1702101156491,-1.5458568335578486,2.5821320419495564,116.66041711555637,91
1702101156553,-1.5132687724685578,2.5167341129727516,114.1291345966123,91
1702101156610,-1.4512004044267814,2.2767610857967164,111.66440895053017,100
1702101156672,-1.4107523927453023,2.1294345840466935,111.34312532113293,101
1702101156746,-1.5107821218169815,1.9906667191934793,108.87980687597542,97
1702101156805,-1.6022983739359011,1.9561508109998729,108.66364017379611,93
1702101156881,-1.8479888017376587,1.8750704541753032,105.65417558393302,94
1702101156939,-2.126649106261003,1.8532520175912344,104.39217279514578,95
1702101157018,-2.4307024311603067,1.8527509714753958,102.71367532588451,91
1702101157094,-2.5139093719051475,1.865308881264215,102.24860328197501,88
1702101157150,-2.5506026778691604,1.8059375125915411,99.55159881782879,91
1702101157228,-2.6227505521714845,1.6976940129028768,98.81186291479102,88
1702101157285,-2.717190975638387,1.5661497300562968,97.64540331538402,88
1702101157368,-2.7112736645095885,1.4085163890585237,96.06564073268937,88
1702101157425,-2.7311064597252446,1.2260677016267025,95.17446560922956,86
1702101157497,-2.678104547681257,1.2076915126717696,93.80887831911231,86
1702101157554,-2.497539729607759,1.254852881203483,92.52257482556034,85
1702101157633,-2.3097345516751067,1.423739293728262,92.53835724350026,82
1702101157693,-2.2885802606633368,1.4414872426699306,91.36011840596643,70
1702101157752,-2.219120874364834,1.4209852881963285,90.32764643725267,69
1702101157829,-2.249433477545051,1.3787036251833749,88.52690200615879,67
1702101157885,-2.590247600568141,1.5971650227935783,87.66383199836439,67
1702101157962,-2.709901271643834,1.7056807174047963,87.452161730109,66
1702101158021,-2.9308954594686876,1.8974808806569736,87.22920041463198,64
1702101158101,-3.0856654780773125,2.0376192459127944,84.26748947767186,63
1702101158162,-3.251811558442817,2.2432112432299007,83.55633861444807,63
1702101158216,-3.3657084880742905,2.4081700447255554,82.94616650985124,63
1702101158291,-3.466574012689891,2.549471391783234,82.30774364508437,62
1702101158352,-3.399099814065702,2.5081493037996814,79.91192957913412,63
1702101158432,-3.347331320139016,2.5988440439607587,78.6566963511145,70
1702101158545,-3.5089604245909136,2.493162802204473,76.6392175053144,68
1702101158620,-3.3997277669882733,2.529467346439125,75.20440535423931,66
1702101158683,-3.4940188061184108,2.550441026468124,74.24100933982028,64
1702101158756,-3.7507125387424556,2.532883128306687,72.89933334583998,62
1702101158819,-3.7271288004555587,2.1785971683881016,68.33004134672703,62
1702101158876,-3.9065622892368417,2.7055232568404124,70.73944720059127,59
1702101158956,-3.845712196418061,2.7936673424259486,67.91398878499665,59
1702101159012,-3.9014954500915153,2.837018012010645,66.26830013013202,56
1702101159091,-3.8365722940014697,2.9057855820555583,65.12159171627349,55
1702101159145,-3.803462970484036,2.9158688280988225,63.73763422340505,54
1702101159206,-3.6891513949021753,2.854292048872389,62.38991750207704,52
1702101159284,-3.6406337310143124,2.789545227353113,60.83371999769322,51
1702101159342,-3.563976673236835,2.6952984673659497,58.792562543880436,49
1702101159405,-3.570466905856928,2.625362638529991,57.25495354888414,48
1702101159491,-3.4535102763881493,2.5025437039720426,55.19228540978557,47
1702101159547,-3.459308612999036,2.40733442495407,53.637114288911185,45
1702101159612,-3.484893159159788,2.419609504795962,53.20881139312887,44
1702101159669,-3.505764935837394,2.469687628313259,52.00462740443007,43
1702101159731,-3.4199416838971977,2.482590980856973,49.73905771854828,42
1702101159790,-3.3904869240340685,2.4919093816737097,48.80974949944057,41
1702101159867,-3.389356950534345,2.5141516132574364,47.86573952677993,41
1702101159932,-3.393912554480385,2.525563537759806,47.2362433283344,40
1702101159986,-3.4526379808617436,2.574147167349957,46.85872826927109,39
1702101160066,-3.457872407192392,2.477950090672502,45.530093891061085,39
1702101160119,-3.545252612170866,2.3821360845044577,44.69959643606092,39
1702101160181,-3.7630351907905757,2.342842520176469,44.41238535636492,39
1702101160257,-3.9034775242636144,2.3152446644655664,43.95158293704454,39
1702101160316,-4.056495267339986,2.4029238340588424,43.78415225579305,39
1702101160377,-4.127296092849238,2.539219732304502,43.45854167240423,39
1702101160451,-4.202265922491064,2.5145767589322507,43.32029598130142,39
1702101160509,-4.212048229587646,2.463088889256866,42.86858066933109,39
1702101160570,-4.236754864357577,2.4365088260000847,42.802191881062846,39
1702101160646,-4.268042566152377,2.402410574439019,42.91409654005249,38
1702101160704,-4.256340285580182,2.2664233993782714,42.89494166766036,39
1702101160766,-4.230974835262265,2.2340581421067633,42.578583747926736,39
1702101160843,-4.201705002190121,2.248456302448434,42.64989672761399,38
