1702101166540,-4.17337559530022,2.2294618397169694,42.68842024435226,22
1702101166603,-4.160833939187153,2.2266938714951676,42.686686256732614,22
1702101166665,-4.142861566103821,2.213230246203462,42.61144446618772,22
1702101166720,-4.1918361226993905,2.2054241204554943,42.66340160753224,22
1702101166798,-4.1918361226993905,2.2054241204554943,42.66340160753224,22
1702101166859,2.729442046530173,1.5083786646518822,26.45525104967307,23
1702101166975,2.7014495795998563,1.4319206862596272,26.248381318591797,22
1702101167055,2.6710760349140785,1.4305106012843825,26.256637877123296,22
1702101167111,2.5645858870319698,1.4083446859422946,26.250190475541153,22
1702101167172,2.5402865969994823,1.4064758384121787,26.32606110470325,22
1702101167230,2.4591559258026296,1.4459781634252746,26.3153541539552,22
1702101167290,2.3587289233672744,1.4837070710933018,26.358206002761353,23
1702101167366,2.329612402739738,1.484287003246745,26.287547237492117,23
1702101167427,2.3397538182361663,1.4737849782004107,26.241641479055474,23
1702101167486,2.3482642551570576,1.4834383454116555,26.317999919939368,23
1702101167562,2.355760073498186,1.4882949722131227,26.369636354928325,23
1702101167622,2.35806416426079,1.4902289298538327,26.388333865188443,23
1702101167680,2.3460654010930933,1.4986948608853228,26.499857421792292,23
1702101167740,2.307344664159949,1.4567156101706369,26.681050875055824,23
1702101167802,2.308508225136791,1.463195515003173,26.71597561376693,23
1702101167878,2.2837594690989804,1.4822091676675204,26.78436510006634,23
1702101167935,2.2628756632998672,1.484715810754163,26.810375332975358,23
1702101168000,2.237385931446487,1.4805299537754482,26.782385593516903,24
1702101168058,2.228331553719382,1.466126012212262,26.834779580457194,24
1702101168133,2.2738386257345855,1.5323326045946686,27.012175394159584,24
1702101168195,2.286276434119208,1.558600152309174,27.036134519307176,25
1702101168252,2.3147368991663253,1.6121456123216482,27.307978662769617,24
1702101168312,2.342096983587112,1.6882022836535775,27.553098555956463,25
1702101168389,2.3867952918221067,1.7144265896315212,28.00886343643572,25
1702101168456,2.4383873670481626,1.7586378806128584,28.27878765543443,25
1702101168511,2.477234896873058,1.794953441078038,28.365420803500044,25
1702101168570,2.6425479145082393,1.911908961291035,28.299819860296456,25
1702101168647,2.9717565555270635,2.098944434854824,28.61096294338924,25
1702101168720,3.11415342647026,2.1477063649569885,28.428310315782824,26
1702101168777,3.4771231977377157,2.369186454317983,28.441135429412938,26
1702101168837,3.7448048487859222,2.6399979444956903,28.723305260353523,26
1702101168899,3.762749985083055,2.749380619504449,28.911915617129136,26
1702101168955,3.7393054303013877,2.792513037750616,28.98494920927815,27
1702101169016,3.670112394501329,2.88934083404866,29.344344238148565,27
1702101169096,3.5726452336479992,2.9673403465835113,29.731267393894665,27
1702101169155,3.4594905950598163,3.0381483198398755,30.078821235189707,28
1702101169225,3.3875704748503015,3.072610830818518,30.146585475828395,28
1702101169286,3.2336367509160096,3.236811653372698,30.3064156127793,28
1702101169362,3.0699590079677725,3.3686891128050265,30.684980962788842,29
1702101169419,3.0580741340895155,3.432207843143596,30.983375459674157,29
1702101169473,2.923160574215456,3.5139563286312447,31.398907811178596,30
1702101169529,2.7843477604229765,3.641874886392962,31.71869920000131,30
1702101169602,2.571542323948589,3.9521161817337487,32.732438160337644,31
1702101169659,2.579317606629106,3.9582095194485385,32.29423835775167,32
1702101169721,2.5155808349345814,4.1844957051189535,33.58842334626411,32
1702101169799,2.4979017455592536,4.219923793546426,33.29157618081151,33
1702101169859,2.329614021076015,4.582790811357978,34.658459647845866,34
1702101169922,2.2846042880340307,4.687357090427258,34.7848374203656,34
1702101169992,2.2469979920151406,4.88159529178349,35.460256328275996,35
1702101170055,2.232301448260887,5.0798746575020965,36.18900531391004,36
1702101170110,2.165728680452835,5.444455603653854,37.074168573106775,36
1702101170172,2.106314139818555,5.679093609102037,37.28564416239645,38
1702101170249,2.108297678419816,5.883708746287721,38.14712501574099,38
1702101170305,2.1113822159479683,5.965720097017047,38.60685824432514,39
1702101170365,2.150513087960471,6.046639172681441,39.36297589628316,39
1702101170449,2.228232120643041,6.072720020584722,40.030119513981084,40
1702101170504,2.2949171373264976,6.1065509411144205,41.36596707877727,40
1702101170563,2.4204215524594157,6.03618725191749,43.059876216081705,41
1702101170636,2.490367404533613,5.93415643791239,42.83091237354496,42
1702101170696,2.5398052425475344,6.007485929677288,43.873589643107145,43
1702101170754,2.461748463232379,5.997405055400475,44.710827472361906,44
1702101170831,2.4213653592801103,5.967085165618814,44.86591349028639,44
1702101170890,2.3529684508799025,6.056855485498294,45.800154976164436,45
1702101170956,2.2325703073894703,6.094711387914509,46.42452257234819,46
1702101171025,2.1904119826958968,6.076556658889933,47.258125106851544,47
1702101171091,2.173719886170616,6.089123291351639,47.73649039831615,47
1702101171151,2.239326757259942,6.089650288587451,48.86160897327629,48
1702101171221,2.3413757649700733,5.956538711730904,49.34773896328246,49
1702101171280,2.481388905624919,5.896130282408568,49.698478325636195,49
1702101171342,2.5449226935526497,5.882884523870536,50.409876814989964,50
1702101171416,2.5876260571562155,5.886328254935356,51.144804112621536,51
1702101171474,2.6236238153115288,5.859580514099802,51.638724217504084,51
1702101171553,2.6579587415927057,5.849784752314626,52.45130793226174,52
1702101171610,2.6966091648175587,5.839270140172896,52.95927354605443,53
1702101171673,2.661145602763598,5.689654287286715,54.57839097432736,54
1702101171748,2.627258982789029,5.589955536161263,55.43179580881962,54
1702101171807,2.5530399329011364,5.496514262541828,55.77956615541659,55
1702101171866,2.591951148045096,5.437779521918125,56.39655215642228,56
1702101171941,2.5809660738523377,5.406618616851126,56.65500298728173,57
1702101172002,2.7095795135376535,5.295574802459659,58.167374673033784,57
1702101172080,2.7388669906715783,5.214650756465282,58.36159758375841,58
1702101172137,2.8097070226155525,5.048756968953055,58.81326353940489,59
1702101172196,2.8445900958193673,5.011977652111071,60.10612421518288,60
1702101172271,2.9244784628889158,4.921459185647479,60.87768575684744,62
1702101172337,3.078956418754438,4.787836840790264,62.4560953176076,62
1702101172407,3.0892940702422167,4.737097843032986,62.66841672734872,64
1702101172466,3.166583736621989,4.6779031564314035,63.58875472209421,65
1702101172527,3.3025510732769314,4.589020982147104,64.65190685062761,65
1702101172606,3.329108614218146,4.533847460200557,66.08096844851013,66
1702101172707,3.293450672945074,4.522289090363045,66.49540420268886,67
1702101172762,3.257189104370673,4.636881784392064,68.19497417043874,69
1702101172815,3.2584448712418013,4.6473513005932,68.2714578900559,69
1702101172891,3.337953496284622,4.688343917994235,69.21526474499181,70
1702101172945,3.409946193074118,4.707673244605972,70.07185589020527,70
1702101172998,3.5334934652590935,4.796172311323527,71.28505598353827,72
1702101173071,3.654930677658869,4.803021189217748,72.06582699649833,72
1702101173125,3.8632391861881,4.812710628745809,73.51026229183695,73
1702101173203,3.9036470503391643,4.792203051884878,73.36135210304326,74
1702101173264,4.015316149931485,4.757079640489709,74.10924525197932,75
1702101173338,4.1809103817691895,4.790606600982221,75.37035407108138,75
1702101173401,4.205894068405788,4.788089187899659,75.69070853929739,76
1702101173471,4.274482264625732,4.8218664296677725,77.0392825940748,77
1702101173535,4.310327890886345,4.801216112955904,77.9778059190242,79
1702101173607,4.308022672263667,4.761909190276076,78.85599646683875,79
1702101173667,4.399946431808773,4.7582828853051575,79.02512564721489,80
1702101173726,4.5687476656415775,4.87996991016477,80.31636341133793,80
1702101173804,4.673704140064694,4.924410662991941,81.58553529922247,81
1702101173882,4.7412424023752715,4.920025445674729,82.43755549184648,82
1702101173936,4.7635668214079345,4.928955785337963,83.47087200829493,82
1702101173993,4.887060320328987,4.891785516885881,84.53174075369456,82
1702101174073,4.921915297046497,4.878521108824221,85.272148395981,82
1702101174130,4.9882478295483486,4.813822986705952,85.4595046889204,83
1702101174209,5.049066931069214,4.796870490374312,86.38480166222938,84
1702101174269,5.050129941632355,4.7043845893961045,86.31856246166302,83
1702101174342,5.065416052121553,4.599336522222341,85.98501025860612,84
1702101174402,5.1639763978926805,4.59555624136381,86.50679071521165,85
1702101174493,5.260165723384085,4.55003886142654,86.45548699997609,84
1702101174546,5.3094197926293765,4.426564894969653,86.54518782605727,85
1702101174614,5.370132325529868,4.345842737442513,87.52225683039676,86
1702101174671,5.481513640497453,4.320513015114174,88.23890360748922,88
1702101174748,5.588781227526709,4.321344372363289,89.29872362308663,88
1702101174807,5.67693698949681,4.291370890110636,89.67641838394448,89
1702101174883,5.770531861742102,4.304561567637794,89.75684425210378,90
1702101174961,5.874067102237525,4.27103471894987,90.43298450005294,91
1702101175018,5.936167642455815,4.313119457061604,91.85314639669632,91
1702101175082,5.947242994432582,4.30194866349426,92.61997959166406,93
1702101175152,5.936825552692807,4.400689762341932,94.28678834002403,94
1702101175228,5.892969565278744,4.393853337937509,95.23615186131377,93
1702101175285,5.831013462733154,4.396537190145049,95.74907714581542,94
1702101175362,5.7706664945160115,4.352844558433642,96.44759178508644,95
1702101175443,5.75784835332165,4.313306678359285,96.18614927881745,96
1702101175500,5.823938349881467,4.311628610044103,97.54304489726077,96
1702101175572,5.953218915315754,4.316744280176582,97.8774046902527,96
1702101175632,6.085337854507696,4.2421924119310965,97.80572765651473,97
1702101175692,6.324234042258254,4.237102754159416,98.82800135202486,98
1702101175767,6.509780299020031,4.266990719958388,100.38393363082895,99
1702101175843,6.577066172845652,4.138338172324436,100.02852035937934,99
1702101175907,6.502980946456973,4.0802765356513255,99.48996155346097,101
1702101175976,6.589404475348873,4.099241508444904,100.67905625465299,101
1702101176040,6.5288084953515755,3.9866514193932043,101.34983001954144,102
1702101176113,6.582069465853776,3.9829935478680705,102.85724912698497,102
1702101176171,6.604988700659647,3.9162981040483587,103.23926449840204,103
1702101176248,6.626190084630056,3.899099911860262,104.12939361587688,103
1702101176321,6.64793591408608,3.894106301673909,104.65289796459236,104
1702101176397,6.670057713736977,3.8455883291680792,104.3788244275997,104
1702101176459,6.7234004506933776,3.7611932658802307,103.61246511284101,105
1702101176517,6.994458553121335,3.7030353932462643,104.79127153927466,106
1702101176592,7.245187409426232,3.7105304058437065,105.97009885132715,94
1702101176653,7.3776883255159,3.7719084999139665,106.44896623590269,95
1702101176725,7.583261626709733,3.855774458074973,107.80558759140352,96
1702101176787,7.683690101285794,3.8681561453781175,108.64012769166821,96
1702101176865,7.838436118040116,3.8967443065008514,110.2132893064485,111
1702101176939,7.960739773119017,3.917150891837136,110.91298846123439,109
1702101177015,8.02091676182563,3.9083340525398436,111.28136727860247,98
1702101177072,8.123929253217163,3.9253286211427105,112.23905597723704,112
1702101177130,8.232266719185326,3.9609440188886875,112.91491025746004,113
1702101177207,8.524566912277106,4.0118707343192055,115.33688188971334,114
1702101177282,8.624031981864537,3.9833705008354165,116.03324438282279,114
1702101177342,8.72761690292665,3.9649101141149785,116.3782189674331,115
1702101177414,8.699595940833976,3.8625273936126328,115.46065710253599,116
1702101177476,8.843088137295288,3.743337980546609,116.21335340404413,116
1702101177568,9.013386443636492,3.722838722730861,117.61963855618856,117
1702101177624,9.12198663099877,3.6820249096007847,118.36432952266766,118
1702101177704,9.262599995738583,3.6462942884500102,119.28452036607621,117
1702101177764,9.316793861325024,3.674687182757553,119.45886314400298,117
1702101177837,9.46026150236476,3.675463137527353,120.38107924192202,118
1702101177914,9.576421668406827,3.5943423668530863,120.57559290311265,106
1702101177970,9.678217474249637,3.490619003674947,120.22520163009845,106
1702101178031,9.988025672769483,3.5135636119194955,122.40722960691441,106
1702101178109,10.113183152947071,3.4798712410254797,123.02090172637276,108
